smiles,cv_0_pred_quantified_toxicity
CCCCCCC(=O)Oc1cc(CNCCN(C)CCN)cc(OC(=O)CCCCCC)c1,0.97830683
CCCCC(C)C(=O)Oc1cc(CNCCN(C)CCN)cc(OC(=O)C(C)CCCC)c1,0.9768642
CCCCCCCC(=O)Oc1cc(CNCCN(C)CCN)cc(OC(=O)CCCCCCC)c1,0.9792212
CCCCCC(C)C(=O)Oc1cc(CNCCN(C)CCN)cc(OC(=O)C(C)CCCCC)c1,0.9783209
CCCCC(CC)C(=O)Oc1cc(CNCCN(C)CCN)cc(OC(=O)C(CC)CCCC)c1,0.9768454
CCCCCCCCC(=O)Oc1cc(CNCCN(C)CCN)cc(OC(=O)CCCCCCCC)c1,0.97953296
CCCCC(C)CCC(=O)Oc1cc(CNCCN(C)CCN)cc(OC(=O)CCC(C)CCC)c1,0.9672196
CCCCCCCCCC(=O)Oc1cc(CNCCN(C)CCN)cc(OC(=O)CCCCCCCCC)c1,0.98193014
CCCCC(CC)CCC(=O)Oc1cc(CNCCN(C)CCN)cc(OC(=O)CCC(CC)CCCC)c1,0.97762686
CCCCC(CC)CCC(=O)Oc1cc(OC(=O)CCC(CC)CCCC)c(CNCCN(C)CCN)c(OC(=O)CCC(CC)CCCC)c1,0.9773221
CCCCCCC(=O)Oc1cc(CNCCCN(C)CCCN)cc(OC(=O)CCCCCC)c1,0.97782284
CCCCC(C)C(=O)Oc1cc(CNCCCN(C)CCCN)cc(OC(=O)C(C)CCCC)c1,0.97718483
CCCCCCCC(=O)Oc1cc(CNCCCN(C)CCCN)cc(OC(=O)CCCCCCC)c1,0.9781346
CCCCCC(C)C(=O)Oc1cc(CNCCCN(C)CCCN)cc(OC(=O)C(C)CCCCC)c1,0.98034203
CCCCCCCCC(=O)Oc1cc(CNCCCN(C)CCCN)cc(OC(=O)CCCCCCCC)c1,0.9800512
CCCCC(C)CCC(=O)Oc1cc(CNCCCN(C)CCCN)cc(OC(=O)CCC(C)CCC)c1,0.9675505
CCCCCCCCCC(=O)Oc1cc(CNCCCN(C)CCCN)cc(OC(=O)CCCCCCCCC)c1,0.97955465
CCCCCC(C)CCC(=O)Oc1cc(CNCCCN(C)CCCN)cc(OC(=O)CCC(C)CCCCC)c1,0.975386
CCCCC(CC)CCC(=O)Oc1cc(CNCCCN(C)CCCN)cc(OC(=O)CCC(CC)CCCC)c1,0.9773984
CCCCC(C)CCC(=O)Oc1cc(OC(=O)CCC(C)CCCC)c(CNCCCN(C)CCCN)c(OC(=O)CCC(C)CCCC)c1,0.9758391
CCCCC(CC)CCC(=O)Oc1cc(OC(=O)CCC(CC)CCCC)c(CNCCCN(C)CCCN)c(OC(=O)CCC(CC)CCCC)c1,0.9794488
CCCCCCC(=O)Oc1cc(CNCCN2CCN(CCN)CC2)cc(OC(=O)CCCCCC)c1,0.9787911
CCCCCCCC(=O)Oc1cc(CNCCN2CCN(CCN)CC2)cc(OC(=O)CCCCCCC)c1,0.9794263
CCCCCC(C)C(=O)Oc1cc(CNCCN2CCN(CCN)CC2)cc(OC(=O)C(C)CCCCC)c1,0.9804075
CCCCC(CC)C(=O)Oc1cc(CNCCN2CCN(CCN)CC2)cc(OC(=O)C(CC)CCCC)c1,0.9791752
CCCCCCCCC(=O)Oc1cc(CNCCN2CCN(CCN)CC2)cc(OC(=O)CCCCCCCC)c1,0.97787195
CCCCCCCCCC(=O)Oc1cc(CNCCN2CCN(CCN)CC2)cc(OC(=O)CCCCCCCCC)c1,0.9715945
CCCCCC(C)CCC(=O)Oc1cc(CNCCN2CCN(CCN)CC2)cc(OC(=O)CCC(C)CCCCC)c1,0.9701998
CCCCC(CC)CCC(=O)Oc1cc(CNCCN2CCN(CCN)CC2)cc(OC(=O)CCC(CC)CCCC)c1,0.9669871
CCCCC(C)C(=O)Oc1cc(OC(=O)C(C)CCCC)c(CNCCCN2CCN(CCCN)CC2)c(OC(=O)C(C)CCCC)c1,0.9772803
CCCCCC(C)C(=O)Oc1cc(OC(=O)C(C)CCCCC)c(CNCCCN2CCN(CCCN)CC2)c(OC(=O)C(C)CCCCC)c1,0.97682774
CCCCC(CC)C(=O)Oc1cc(OC(=O)C(CC)CCCC)c(CNCCCN2CCN(CCCN)CC2)c(OC(=O)C(CC)CCCC)c1,0.975367
CCCCCCC(=O)Oc1cc(CNCCN(C)C)cc(OC(=O)CCCCCC)c1,0.9719684
CCCCC(C)C(=O)Oc1cc(CNCCN(C)C)cc(OC(=O)C(C)CCCC)c1,0.97299665
CCCCCCCC(=O)Oc1cc(CNCCN(C)C)cc(OC(=O)CCCCCCC)c1,0.9731662
CCCCCC(C)C(=O)Oc1cc(CNCCN(C)C)cc(OC(=O)C(C)CCCCC)c1,0.97461337
CCCCC(CC)C(=O)Oc1cc(CNCCN(C)C)cc(OC(=O)C(CC)CCCC)c1,0.9734226
CCCCCCCCC(=O)Oc1cc(CNCCN(C)C)cc(OC(=O)CCCCCCCC)c1,0.97297317
CCCCC(C)CCC(=O)Oc1cc(CNCCN(C)C)cc(OC(=O)CCC(C)CCC)c1,0.95766413
CCCCCCCCCC(=O)Oc1cc(CNCCN(C)C)cc(OC(=O)CCCCCCCCC)c1,0.9756063
CCCCCC(C)CCC(=O)Oc1cc(CNCCN(C)C)cc(OC(=O)CCC(C)CCCCC)c1,0.96810216
CCCCC(CC)C(=O)Oc1cc(OC(=O)C(CC)CCCC)c(CNCCN(C)C)c(OC(=O)C(CC)CCCC)c1,0.9777865
CCCCC(C)CCC(=O)Oc1cc(OC(=O)CCC(C)CCCC)c(CNCCN(C)C)c(OC(=O)CCC(C)CCCC)c1,0.97266334
CCCCC(CC)CCC(=O)Oc1cc(OC(=O)CCC(CC)CCCC)c(CNCCN(C)C)c(OC(=O)CCC(CC)CCCC)c1,0.97671473
CCCCCCC(=O)Oc1cc(CNCCCN(C)C)cc(OC(=O)CCCCCC)c1,0.97093725
CCCCC(C)C(=O)Oc1cc(CNCCCN(C)C)cc(OC(=O)C(C)CCCC)c1,0.972395
CCCCCCCC(=O)Oc1cc(CNCCCN(C)C)cc(OC(=O)CCCCCCC)c1,0.97137517
CCCCC(CC)C(=O)Oc1cc(CNCCCN(C)C)cc(OC(=O)C(CC)CCCC)c1,0.9734606
CCCCCCCCC(=O)Oc1cc(CNCCCN(C)C)cc(OC(=O)CCCCCCCC)c1,0.97139966
CCCCC(C)CCC(=O)Oc1cc(CNCCCN(C)C)cc(OC(=O)CCC(C)CCC)c1,0.9562076
CCCCCCCCCC(=O)Oc1cc(CNCCCN(C)C)cc(OC(=O)CCCCCCCCC)c1,0.97438
CCCCCC(C)CCC(=O)Oc1cc(CNCCCN(C)C)cc(OC(=O)CCC(C)CCCCC)c1,0.9694509
CCCCC(CC)CCC(=O)Oc1cc(CNCCCN(C)C)cc(OC(=O)CCC(CC)CCCC)c1,0.9739946
CCCCC(C)CCC(=O)Oc1cc(OC(=O)CCC(C)CCCC)c(CNCCCN(C)C)c(OC(=O)CCC(C)CCCC)c1,0.9746929
CCCCC(CC)CCC(=O)Oc1cc(OC(=O)CCC(CC)CCCC)c(CNCCCN(C)C)c(OC(=O)CCC(CC)CCCC)c1,0.97834074
CCCCCCC(=O)Oc1cc(CNCCN(CC)CC)cc(OC(=O)CCCCCC)c1,0.9754131
CCCCC(C)C(=O)Oc1cc(CNCCN(CC)CC)cc(OC(=O)C(C)CCCC)c1,0.97322387
CCCCCCCC(=O)Oc1cc(CNCCN(CC)CC)cc(OC(=O)CCCCCCC)c1,0.9757169
CCCCCC(C)C(=O)Oc1cc(CNCCN(CC)CC)cc(OC(=O)C(C)CCCCC)c1,0.9755848
CCCCC(CC)C(=O)Oc1cc(CNCCN(CC)CC)cc(OC(=O)C(CC)CCCC)c1,0.9752549
CCCCCCCCC(=O)Oc1cc(CNCCN(CC)CC)cc(OC(=O)CCCCCCCC)c1,0.9791866
CCCCC(C)CCC(=O)Oc1cc(CNCCN(CC)CC)cc(OC(=O)CCC(C)CCC)c1,0.96665525
CCCCCCCCCC(=O)Oc1cc(CNCCN(CC)CC)cc(OC(=O)CCCCCCCCC)c1,0.9790177
CCCCCC(C)CCC(=O)Oc1cc(CNCCN(CC)CC)cc(OC(=O)CCC(C)CCCCC)c1,0.97411406
CCCCC(CC)C(=O)Oc1cc(OC(=O)C(CC)CCCC)c(CNCCN(CC)CC)c(OC(=O)C(CC)CCCC)c1,0.9775454
CCCCC(C)CCC(=O)Oc1cc(OC(=O)CCC(C)CCCC)c(CNCCN(CC)CC)c(OC(=O)CCC(C)CCCC)c1,0.9740202
CCCCC(CC)CCC(=O)Oc1cc(OC(=O)CCC(CC)CCCC)c(CNCCN(CC)CC)c(OC(=O)CCC(CC)CCCC)c1,0.9766085
CCCCCCC(=O)Oc1cc(CNCCCN(CC)CC)cc(OC(=O)CCCCCC)c1,0.9755966
CCCCC(C)C(=O)Oc1cc(CNCCCN(CC)CC)cc(OC(=O)C(C)CCCC)c1,0.9745537
CCCCCCCC(=O)Oc1cc(CNCCCN(CC)CC)cc(OC(=O)CCCCCCC)c1,0.9782407
CCCCCC(C)C(=O)Oc1cc(CNCCCN(CC)CC)cc(OC(=O)C(C)CCCCC)c1,0.97816753
CCCCC(CC)C(=O)Oc1cc(CNCCCN(CC)CC)cc(OC(=O)C(CC)CCCC)c1,0.9773953
CCCCCCCCC(=O)Oc1cc(CNCCCN(CC)CC)cc(OC(=O)CCCCCCCC)c1,0.97917026
CCCCC(C)CCC(=O)Oc1cc(CNCCCN(CC)CC)cc(OC(=O)CCC(C)CCC)c1,0.9680529
CCCCCCCCCC(=O)Oc1cc(CNCCCN(CC)CC)cc(OC(=O)CCCCCCCCC)c1,0.9780203
CCCCCC(C)CCC(=O)Oc1cc(CNCCCN(CC)CC)cc(OC(=O)CCC(C)CCCCC)c1,0.9746707
CCCCC(CC)C(=O)Oc1cc(OC(=O)C(CC)CCCC)c(CNCCCN(CC)CC)c(OC(=O)C(CC)CCCC)c1,0.97912294
CCCCC(C)CCC(=O)Oc1cc(OC(=O)CCC(C)CCCC)c(CNCCCN(CC)CC)c(OC(=O)CCC(C)CCCC)c1,0.97679967
CCCCC(CC)CCC(=O)Oc1cc(OC(=O)CCC(CC)CCCC)c(CNCCCN(CC)CC)c(OC(=O)CCC(CC)CCCC)c1,0.9796009
CCCCCC(C)CCC(=O)Oc1cc(CNCCN2CCN(C)CC2)cc(OC(=O)CCC(C)CCCCC)c1,0.97790647
CCCCC(CC)CCC(=O)Oc1cc(CNCCN2CCN(C)CC2)cc(OC(=O)CCC(CC)CCCC)c1,0.97899556
CCCCC(C)C(=O)Oc1cc(OC(=O)C(C)CCCC)c(CNCCN2CCN(C)CC2)c(OC(=O)C(C)CCCC)c1,0.9825282
CCCCCC(C)C(=O)Oc1cc(OC(=O)C(C)CCCCC)c(CNCCN2CCN(C)CC2)c(OC(=O)C(C)CCCCC)c1,0.98355764
CCCCC(CC)C(=O)Oc1cc(OC(=O)C(CC)CCCC)c(CNCCN2CCN(C)CC2)c(OC(=O)C(CC)CCCC)c1,0.981831
CCCCC(C)CCC(=O)Oc1cc(OC(=O)CCC(C)CCCC)c(CNCCN2CCN(C)CC2)c(OC(=O)CCC(C)CCCC)c1,0.9760361
CCCCC(CC)CCC(=O)Oc1cc(OC(=O)CCC(CC)CCCC)c(CNCCN2CCN(C)CC2)c(OC(=O)CCC(CC)CCCC)c1,0.9799276
CCCCC(C)C(=O)Oc1cc(CNCCCN2CCN(C)CC2)cc(OC(=O)C(C)CCCC)c1,0.9818337
CCCCC(CC)CCC(=O)Oc1cc(CNCCCN2CCN(C)CC2)cc(OC(=O)CCC(CC)CCCC)c1,0.9784049
CCCCC(C)C(=O)Oc1cc(OC(=O)C(C)CCCC)c(CNCCCN2CCN(C)CC2)c(OC(=O)C(C)CCCC)c1,0.9837836
CCCCCC(C)C(=O)Oc1cc(OC(=O)C(C)CCCCC)c(CNCCCN2CCN(C)CC2)c(OC(=O)C(C)CCCCC)c1,0.9838371
CCCCC(CC)C(=O)Oc1cc(OC(=O)C(CC)CCCC)c(CNCCCN2CCN(C)CC2)c(OC(=O)C(CC)CCCC)c1,0.9826399
CCCCC(C)CCC(=O)Oc1cc(OC(=O)CCC(C)CCCC)c(CNCCCN2CCN(C)CC2)c(OC(=O)CCC(C)CCCC)c1,0.9795429
CCCCCCC(=O)Oc1cc(CNCCCN)cc(OC(=O)CCCCCC)c1,0.9663402
CCCCC(C)C(=O)Oc1cc(CNCCCN)cc(OC(=O)C(C)CCCC)c1,0.96998507
CCCCCCCC(=O)Oc1cc(CNCCCN)cc(OC(=O)CCCCCCC)c1,0.96737474
CCCCCC(C)C(=O)Oc1cc(CNCCCN)cc(OC(=O)C(C)CCCCC)c1,0.97232395
CCCCCCCCC(=O)Oc1cc(CNCCCN)cc(OC(=O)CCCCCCCC)c1,0.96831053
CCCCCCCCCC(=O)Oc1cc(CNCCCN)cc(OC(=O)CCCCCCCCC)c1,0.9692821
CCCCC(CC)CCC(=O)Oc1cc(CNCCCN)cc(OC(=O)CCC(CC)CCCC)c1,0.9708584
CCCCC(C)C(=O)Oc1cc(OC(=O)C(C)CCCC)c(CNCCCN)c(OC(=O)C(C)CCCC)c1,0.9765055
CCCCCC(C)C(=O)Oc1cc(OC(=O)C(C)CCCCC)c(CNCCCN)c(OC(=O)C(C)CCCCC)c1,0.97614133
CCCCC(C)CCC(=O)Oc1cc(OC(=O)CCC(C)CCCC)c(CNCCCN)c(OC(=O)CCC(C)CCCC)c1,0.97160596
CCCCCCC(=O)Oc1cc(CNCCN(CCN)CCN)cc(OC(=O)CCCCCC)c1,0.9659202
CCCCC(C)C(=O)Oc1cc(CNCCN(CCN)CCN)cc(OC(=O)C(C)CCCC)c1,0.96550137
CCCCCCCC(=O)Oc1cc(CNCCN(CCN)CCN)cc(OC(=O)CCCCCCC)c1,0.9657844
CCCCCC(C)C(=O)Oc1cc(CNCCN(CCN)CCN)cc(OC(=O)C(C)CCCCC)c1,0.96857643
CCCCC(CC)C(=O)Oc1cc(CNCCN(CCN)CCN)cc(OC(=O)C(CC)CCCC)c1,0.9666576
CCCCCCCCC(=O)Oc1cc(CNCCN(CCN)CCN)cc(OC(=O)CCCCCCCC)c1,0.96748024
CCCCC(C)CCC(=O)Oc1cc(CNCCN(CCN)CCN)cc(OC(=O)CCC(C)CCC)c1,0.95969415
CCCCCCCCCC(=O)Oc1cc(CNCCN(CCN)CCN)cc(OC(=O)CCCCCCCCC)c1,0.9671562
CCCCCC(C)CCC(=O)Oc1cc(CNCCN(CCN)CCN)cc(OC(=O)CCC(C)CCCCC)c1,0.96309
CCCCC(CC)CCC(=O)Oc1cc(CNCCN(CCN)CCN)cc(OC(=O)CCC(CC)CCCC)c1,0.96333164
CCCCC(C)C(=O)Oc1cc(OC(=O)C(C)CCCC)c(CNCCN(CCN)CCN)c(OC(=O)C(C)CCCC)c1,0.9550537
CCCCC(CC)C(=O)Oc1cc(OC(=O)C(CC)CCCC)c(CNCCN(CCN)CCN)c(OC(=O)C(CC)CCCC)c1,0.95379484
CCCCC(C)CCC(=O)Oc1cc(OC(=O)CCC(C)CCCC)c(CNCCN(CCN)CCN)c(OC(=O)CCC(C)CCCC)c1,0.9437692
CCCCC(CC)CCC(=O)Oc1cc(OC(=O)CCC(CC)CCCC)c(CNCCN(CCN)CCN)c(OC(=O)CCC(CC)CCCC)c1,0.94691354
CCCCC(O)CN(C)C1CC(N(CC(O)CCCC)CC(O)CCCC)C(O)C(OC2OC(CO)C(O)C3OC4(OC23)OC(C(CO)N(CC(O)CCCC)CC(O)CCCC)C(O)C(O)C4O)C1O,0.9658387
CCCCCCC(O)CN(C)C1CC(N(CC(O)CCCCCC)CC(O)CCCCCC)C(O)C(OC2OC(CO)C(O)C3OC4(OC23)OC(C(CO)N(CC(O)CCCCCC)CC(O)CCCCCC)C(O)C(O)C4O)C1O,0.96659
CCCCCCCCC(O)CN(C)C1CC(N(CC(O)CCCCCCCC)CC(O)CCCCCCCC)C(O)C(OC2OC(CO)C(O)C3OC4(OC23)OC(C(CO)N(CC(O)CCCCCCCC)CC(O)CCCCCCCC)C(O)C(O)C4O)C1O,0.96989393
CC(C)CCCCCC(O)CN(C)C1CC(N(CC(O)CCCCCC(C)C)CC(O)CCCCCC(C)C)C(O)C(OC2OC(CO)C(O)C3OC4(OC23)OC(C(CO)N(CC(O)CCCCCC(C)C)CC(O)CCCCCC(C)C)C(O)C(O)C4O)C1O,0.96925855
CCCCCCCCCCC(O)CN(C)C1CC(N(CC(O)CCCCCCCCCC)CC(O)CCCCCCCCCC)C(O)C(OC2OC(CO)C(O)C3OC4(OC23)OC(C(CO)N(CC(O)CCCCCCCCCC)CC(O)CCCCCCCCCC)C(O)C(O)C4O)C1O,0.96894747
CCCCCCCCCCCCC(O)CN(C)C1CC(N(CC(O)CCCCCCCCCCCC)CC(O)CCCCCCCCCCCC)C(O)C(OC2OC(CO)C(O)C3OC4(OC23)OC(C(CO)N(CC(O)CCCCCCCCCCCC)CC(O)CCCCCCCCCCCC)C(O)C(O)C4O)C1O,0.9638392
CCCCC(O)CN(CCC(O)C(=O)N(CC(O)CCCC)C1CC(N(CC(O)CCCC)CC(O)CCCC)C(OC2OC(CN(CC(O)CCCC)CC(O)CCCC)C(O)C(O)C2O)C(O)C1OC1OC(CO)C(O)C(N(CC(O)CCCC)CC(O)CCCC)C1O)CC(O)CCCC,0.9419381
CCCCCCC(O)CN(CCC(O)C(=O)N(CC(O)CCCCCC)C1CC(N(CC(O)CCCCCC)CC(O)CCCCCC)C(OC2OC(CN(CC(O)CCCCCC)CC(O)CCCCCC)C(O)C(O)C2O)C(O)C1OC1OC(CO)C(O)C(N(CC(O)CCCCCC)CC(O)CCCCCC)C1O)CC(O)CCCCCC,0.94410414
CCCCCCCCC(O)CN(CCC(O)C(=O)N(CC(O)CCCCCCCC)C1CC(N(CC(O)CCCCCCCC)CC(O)CCCCCCCC)C(OC2OC(CN(CC(O)CCCCCCCC)CC(O)CCCCCCCC)C(O)C(O)C2O)C(O)C1OC1OC(CO)C(O)C(N(CC(O)CCCCCCCC)CC(O)CCCCCCCC)C1O)CC(O)CCCCCCCC,0.9127996
CC(C)CCCCCC(O)CN(CCC(O)C(=O)N(CC(O)CCCCCC(C)C)C1CC(N(CC(O)CCCCCC(C)C)CC(O)CCCCCC(C)C)C(OC2OC(CN(CC(O)CCCCCC(C)C)CC(O)CCCCCC(C)C)C(O)C(O)C2O)C(O)C1OC1OC(CO)C(O)C(N(CC(O)CCCCCC(C)C)CC(O)CCCCCC(C)C)C1O)CC(O)CCCCCC(C)C,0.9156962
CCCCCCCCCCC(O)CN(CCC(O)C(=O)N(CC(O)CCCCCCCCCC)C1CC(N(CC(O)CCCCCCCCCC)CC(O)CCCCCCCCCC)C(OC2OC(CN(CC(O)CCCCCCCCCC)CC(O)CCCCCCCCCC)C(O)C(O)C2O)C(O)C1OC1OC(CO)C(O)C(N(CC(O)CCCCCCCCCC)CC(O)CCCCCCCCCC)C1O)CC(O)CCCCCCCCCC,0.69876796
CCCCCCCCCCCCC(O)CN(CCC(O)C(=O)N(CC(O)CCCCCCCCCCCC)C1CC(N(CC(O)CCCCCCCCCCCC)CC(O)CCCCCCCCCCCC)C(OC2OC(CN(CC(O)CCCCCCCCCCCC)CC(O)CCCCCCCCCCCC)C(O)C(O)C2O)C(O)C1OC1OC(CO)C(O)C(N(CC(O)CCCCCCCCCCCC)CC(O)CCCCCCCCCCCC)C1O)CC(O)CCCCCCCCCCCC,0.811596
CCCCC(O)CN(C)C1C(O)C(OC2C(O)C(OC3OC(C(C)O)C(O)C(O)C3N(CC(O)CCCC)CC(O)CCCC)C(N(CC(O)CCCC)CC(O)CCCC)CC2N(CC(O)CCCC)CC(O)CCCC)OCC1(C)O,0.9678456
CCCCCCC(O)CN(C)C1C(O)C(OC2C(O)C(OC3OC(C(C)O)C(O)C(O)C3N(CC(O)CCCCCC)CC(O)CCCCCC)C(N(CC(O)CCCCCC)CC(O)CCCCCC)CC2N(CC(O)CCCCCC)CC(O)CCCCCC)OCC1(C)O,0.9717103
CCCCCCCCC(O)CN(C)C1C(O)C(OC2C(O)C(OC3OC(C(C)O)C(O)C(O)C3N(CC(O)CCCCCCCC)CC(O)CCCCCCCC)C(N(CC(O)CCCCCCCC)CC(O)CCCCCCCC)CC2N(CC(O)CCCCCCCC)CC(O)CCCCCCCC)OCC1(C)O,0.9693968
CC(C)CCCCCC(O)CN(C)C1C(O)C(OC2C(O)C(OC3OC(C(C)O)C(O)C(O)C3N(CC(O)CCCCCC(C)C)CC(O)CCCCCC(C)C)C(N(CC(O)CCCCCC(C)C)CC(O)CCCCCC(C)C)CC2N(CC(O)CCCCCC(C)C)CC(O)CCCCCC(C)C)OCC1(C)O,0.9598913
CCCCCCCCCCC(O)CN(C)C1C(O)C(OC2C(O)C(OC3OC(C(C)O)C(O)C(O)C3N(CC(O)CCCCCCCCCC)CC(O)CCCCCCCCCC)C(N(CC(O)CCCCCCCCCC)CC(O)CCCCCCCCCC)CC2N(CC(O)CCCCCCCCCC)CC(O)CCCCCCCCCC)OCC1(C)O,0.95502543
CCCCCCCCCCCCC(O)CN(C)C1C(O)C(OC2C(O)C(OC3OC(C(C)O)C(O)C(O)C3N(CC(O)CCCCCCCCCCCC)CC(O)CCCCCCCCCCCC)C(N(CC(O)CCCCCCCCCCCC)CC(O)CCCCCCCCCCCC)CC2N(CC(O)CCCCCCCCCCCC)CC(O)CCCCCCCCCCCC)OCC1(C)O,0.87664616
CCCCCCOC(=O)CCCN(C)C1CC(N(CCCC(=O)OCCCCCC)CCCC(=O)OCCCCCC)C(O)C(OC2OC(CO)C(O)C3OC4(OC23)OC(C(CO)N(CCCC(=O)OCCCCCC)CCCC(=O)OCCCCCC)C(O)C(O)C4O)C1O,0.9808661
CCCCCCCCOC(=O)CCCN(C)C1CC(N(CCCC(=O)OCCCCCCCC)CCCC(=O)OCCCCCCCC)C(O)C(OC2OC(CO)C(O)C3OC4(OC23)OC(C(CO)N(CCCC(=O)OCCCCCCCC)CCCC(=O)OCCCCCCCC)C(O)C(O)C4O)C1O,0.97971797
CC(C)CCCCCOC(=O)CCCN(C)C1CC(N(CCCC(=O)OCCCCCC(C)C)CCCC(=O)OCCCCCC(C)C)C(O)C(OC2OC(CO)C(O)C3OC4(OC23)OC(C(CO)N(CCCC(=O)OCCCCCC(C)C)CCCC(=O)OCCCCCC(C)C)C(O)C(O)C4O)C1O,0.97401047
CCCCCCCCCCOC(=O)CCCN(C)C1CC(N(CCCC(=O)OCCCCCCCCCC)CCCC(=O)OCCCCCCCCCC)C(O)C(OC2OC(CO)C(O)C3OC4(OC23)OC(C(CO)N(CCCC(=O)OCCCCCCCCCC)CCCC(=O)OCCCCCCCCCC)C(O)C(O)C4O)C1O,0.9795966
CCCCCCCCCCCCOC(=O)CCCN(C)C1CC(N(CCCC(=O)OCCCCCCCCCCCC)CCCC(=O)OCCCCCCCCCCCC)C(O)C(OC2OC(CO)C(O)C3OC4(OC23)OC(C(CO)N(CCCC(=O)OCCCCCCCCCCCC)CCCC(=O)OCCCCCCCCCCCC)C(O)C(O)C4O)C1O,0.97436583
CCCCCCOC(=O)CCCN(C)C1C(O)C(OC2C(O)C(OC3OC(C(C)O)C(O)C(O)C3N(CCCC(=O)OCCCCCC)CCCC(=O)OCCCCCC)C(N(CCCC(=O)OCCCCCC)CCCC(=O)OCCCCCC)CC2N(CCCC(=O)OCCCCCC)CCCC(=O)OCCCCCC)OCC1(C)O,0.98135453
CCCCCCCCOC(=O)CCCN(C)C1C(O)C(OC2C(O)C(OC3OC(C(C)O)C(O)C(O)C3N(CCCC(=O)OCCCCCCCC)CCCC(=O)OCCCCCCCC)C(N(CCCC(=O)OCCCCCCCC)CCCC(=O)OCCCCCCCC)CC2N(CCCC(=O)OCCCCCCCC)CCCC(=O)OCCCCCCCC)OCC1(C)O,0.9774205
CC(C)CCCCCOC(=O)CCCN(C)C1C(O)C(OC2C(O)C(OC3OC(C(C)O)C(O)C(O)C3N(CCCC(=O)OCCCCCC(C)C)CCCC(=O)OCCCCCC(C)C)C(N(CCCC(=O)OCCCCCC(C)C)CCCC(=O)OCCCCCC(C)C)CC2N(CCCC(=O)OCCCCCC(C)C)CCCC(=O)OCCCCCC(C)C)OCC1(C)O,0.9203473
CCCCCCCCCCOC(=O)CCCN(C)C1C(O)C(OC2C(O)C(OC3OC(C(C)O)C(O)C(O)C3N(CCCC(=O)OCCCCCCCCCC)CCCC(=O)OCCCCCCCCCC)C(N(CCCC(=O)OCCCCCCCCCC)CCCC(=O)OCCCCCCCCCC)CC2N(CCCC(=O)OCCCCCCCCCC)CCCC(=O)OCCCCCCCCCC)OCC1(C)O,0.9547744
CCCCCCCCCCCCOC(=O)CCCN(C)C1C(O)C(OC2C(O)C(OC3OC(C(C)O)C(O)C(O)C3N(CCCC(=O)OCCCCCCCCCCCC)CCCC(=O)OCCCCCCCCCCCC)C(N(CCCC(=O)OCCCCCCCCCCCC)CCCC(=O)OCCCCCCCCCCCC)CC2N(CCCC(=O)OCCCCCCCCCCCC)CCCC(=O)OCCCCCCCCCCCC)OCC1(C)O,0.93866765
N(CCC(=O)OCCOC(=O)C(C)CSCC/C=C/CC)(CCC(=O)OCCOC(=O)C(C)CSCC/C=C/CC)CCCN1CCN(C)CC1,0.9765979
N(CCC(=O)OCCOC(=O)C(C)CSCC/C=C/CC)(CCC(=O)OCCOC(=O)C(C)CSCC/C=C/CC)CCN(C)C,0.9700988
N(CCC(=O)OCCOC(=O)C(C)CSCC/C=C/CC)(CCC(=O)OCCOC(=O)C(C)CSCC/C=C/CC)CCCN(C)C,0.96755344
OCCN(CCC(=O)OCCOC(=O)C(C)CSCC/C=C/CC)CCCN(CCC(=O)OCCOC(=O)C(C)CSCC/C=C/CC)(CCC(=O)OCCOC(=O)C(C)CSCC/C=C/CC),0.9574723
N(CCC(=O)OCCOC(=O)C(C)CSCC/C=C/CC)(CCC(=O)OCCOC(=O)C(C)CSCC/C=C/CC)CCCN1CCN(CCCN(CCC(=O)OCCOC(=O)C(C)CSCC/C=C/CC)(CCC(=O)OCCOC(=O)C(C)CSCC/C=C/CC))CC1,0.9363012
N(CCC(=O)OCCOC(=O)C(C)CSCC/C=C/CC)(CCC(=O)OCCOC(=O)C(C)CSCC/C=C/CC)CCCN(C)CCCN(CCC(=O)OCCOC(=O)C(C)CSCC/C=C/CC)(CCC(=O)OCCOC(=O)C(C)CSCC/C=C/CC),0.94871575
N(CCN(CCC(=O)OCCOC(=O)C(C)CSCC/C=C/CC)(CCC(=O)OCCOC(=O)C(C)CSCC/C=C/CC))(CCN(CCC(=O)OCCOC(=O)C(C)CSCC/C=C/CC)(CCC(=O)OCCOC(=O)C(C)CSCC/C=C/CC))CCN(CCC(=O)OCCOC(=O)C(C)CSCC/C=C/CC)(CCC(=O)OCCOC(=O)C(C)CSCC/C=C/CC),0.94063747
N(CCC(=O)OCCOC(=O)C(C)CSCC/C=C\CC)(CCC(=O)OCCOC(=O)C(C)CSCC/C=C\CC)CCCN1CCN(C)CC1,0.9765979
N(CCC(=O)OCCOC(=O)C(C)CSCC/C=C\CC)(CCC(=O)OCCOC(=O)C(C)CSCC/C=C\CC)CCN(C)C,0.9700988
N(CCC(=O)OCCOC(=O)C(C)CSCC/C=C\CC)(CCC(=O)OCCOC(=O)C(C)CSCC/C=C\CC)CCCN(C)C,0.96755344
OCCN(CCC(=O)OCCOC(=O)C(C)CSCC/C=C\CC)CCCN(CCC(=O)OCCOC(=O)C(C)CSCC/C=C\CC)(CCC(=O)OCCOC(=O)C(C)CSCC/C=C\CC),0.9574723
N(CCC(=O)OCCOC(=O)C(C)CSCC/C=C\CC)(CCC(=O)OCCOC(=O)C(C)CSCC/C=C\CC)CCCN1CCN(CCCN(CCC(=O)OCCOC(=O)C(C)CSCC/C=C\CC)(CCC(=O)OCCOC(=O)C(C)CSCC/C=C\CC))CC1,0.9363012
N(CCC(=O)OCCOC(=O)C(C)CSCC/C=C\CC)(CCC(=O)OCCOC(=O)C(C)CSCC/C=C\CC)CCCN(C)CCCN(CCC(=O)OCCOC(=O)C(C)CSCC/C=C\CC)(CCC(=O)OCCOC(=O)C(C)CSCC/C=C\CC),0.94871575
N(CCN(CCC(=O)OCCOC(=O)C(C)CSCC/C=C\CC)(CCC(=O)OCCOC(=O)C(C)CSCC/C=C\CC))(CCN(CCC(=O)OCCOC(=O)C(C)CSCC/C=C\CC)(CCC(=O)OCCOC(=O)C(C)CSCC/C=C\CC))CCN(CCC(=O)OCCOC(=O)C(C)CSCC/C=C\CC)(CCC(=O)OCCOC(=O)C(C)CSCC/C=C\CC),0.94063747
N(CCC(=O)OCCOC(=O)C(C)CSCCCCCCCC)(CCC(=O)OCCOC(=O)C(C)CSCCCCCCCC)CCCN1CCN(C)CC1,0.9696504
N(CCC(=O)OCCOC(=O)C(C)CSCCCCCCCC)(CCC(=O)OCCOC(=O)C(C)CSCCCCCCCC)CCCN1CCN(CCCN(CCC(=O)OCCOC(=O)C(C)CSCCCCCCCC)(CCC(=O)OCCOC(=O)C(C)CSCCCCCCCC))CC1,0.93807775
N(CCC(=O)OCCOC(=O)C(C)CSC/C=C(C)\CCC=C(C)C)(CCC(=O)OCCOC(=O)C(C)CSC/C=C(C)\CCC=C(C)C)CCN(C)C,0.9636503
N(CCC(=O)OCCOC(=O)C(C)CSC/C=C(C)\CCC=C(C)C)(CCC(=O)OCCOC(=O)C(C)CSC/C=C(C)\CCC=C(C)C)CCCN(C)C,0.96032554
OCCN(CCC(=O)OCCOC(=O)C(C)CSC/C=C(C)\CCC=C(C)C)CCCN(CCC(=O)OCCOC(=O)C(C)CSC/C=C(C)\CCC=C(C)C)(CCC(=O)OCCOC(=O)C(C)CSC/C=C(C)\CCC=C(C)C),0.93384516
N(CCC(=O)OCCOC(=O)C(C)CSC/C=C(C)\CCC=C(C)C)(CCC(=O)OCCOC(=O)C(C)CSC/C=C(C)\CCC=C(C)C)CCCN(C)CCCN(CCC(=O)OCCOC(=O)C(C)CSC/C=C(C)\CCC=C(C)C)(CCC(=O)OCCOC(=O)C(C)CSC/C=C(C)\CCC=C(C)C),0.93560064
N(CCN(CCC(=O)OCCOC(=O)C(C)CSC/C=C(C)\CCC=C(C)C)(CCC(=O)OCCOC(=O)C(C)CSC/C=C(C)\CCC=C(C)C))(CCN(CCC(=O)OCCOC(=O)C(C)CSC/C=C(C)\CCC=C(C)C)(CCC(=O)OCCOC(=O)C(C)CSC/C=C(C)\CCC=C(C)C))CCN(CCC(=O)OCCOC(=O)C(C)CSC/C=C(C)\CCC=C(C)C)(CCC(=O)OCCOC(=O)C(C)CSC/C=C(C)\CCC=C(C)C),0.92723703
N(CCC(=O)OCCOC(=O)C(C)CSCCC/C=C/C)(CCC(=O)OCCOC(=O)C(C)CSCCC/C=C/C)CCCN1CCN(C)CC1,0.971768
N(CCC(=O)OCCOC(=O)C(C)CSCCC/C=C/C)(CCC(=O)OCCOC(=O)C(C)CSCCC/C=C/C)CCN(C)C,0.9637176
N(CCC(=O)OCCOC(=O)C(C)CSCCC/C=C/C)(CCC(=O)OCCOC(=O)C(C)CSCCC/C=C/C)CCCN(C)C,0.9594689
OCCN(CCC(=O)OCCOC(=O)C(C)CSCCC/C=C/C)CCCN(CCC(=O)OCCOC(=O)C(C)CSCCC/C=C/C)(CCC(=O)OCCOC(=O)C(C)CSCCC/C=C/C),0.93639636
N(CCC(=O)OCCOC(=O)C(C)CSCCC/C=C/C)(CCC(=O)OCCOC(=O)C(C)CSCCC/C=C/C)CCCN1CCN(CCCN(CCC(=O)OCCOC(=O)C(C)CSCCC/C=C/C)(CCC(=O)OCCOC(=O)C(C)CSCCC/C=C/C))CC1,0.8907383
N(CCC(=O)OCCOC(=O)C(C)CSCCC/C=C/C)(CCC(=O)OCCOC(=O)C(C)CSCCC/C=C/C)CCCN(C)CCCN(CCC(=O)OCCOC(=O)C(C)CSCCC/C=C/C)(CCC(=O)OCCOC(=O)C(C)CSCCC/C=C/C),0.8899742
N(CCN(CCC(=O)OCCOC(=O)C(C)CSCCC/C=C/C)(CCC(=O)OCCOC(=O)C(C)CSCCC/C=C/C))(CCN(CCC(=O)OCCOC(=O)C(C)CSCCC/C=C/C)(CCC(=O)OCCOC(=O)C(C)CSCCC/C=C/C))CCN(CCC(=O)OCCOC(=O)C(C)CSCCC/C=C/C)(CCC(=O)OCCOC(=O)C(C)CSCCC/C=C/C),0.88621324
N(CCC(=O)OCCOC(=O)C(C)CSCCC/C=C\C)(CCC(=O)OCCOC(=O)C(C)CSCCC/C=C\C)CCCN1CCN(C)CC1,0.971768
N(CCC(=O)OCCOC(=O)C(C)CSCCC/C=C\C)(CCC(=O)OCCOC(=O)C(C)CSCCC/C=C\C)CCN(C)C,0.9637176
N(CCC(=O)OCCOC(=O)C(C)CSCCC/C=C\C)(CCC(=O)OCCOC(=O)C(C)CSCCC/C=C\C)CCCN(C)C,0.9594689
OCCN(CCC(=O)OCCOC(=O)C(C)CSCCC/C=C\C)CCCN(CCC(=O)OCCOC(=O)C(C)CSCCC/C=C\C)(CCC(=O)OCCOC(=O)C(C)CSCCC/C=C\C),0.93639636
N(CCC(=O)OCCOC(=O)C(C)CSCCC/C=C\C)(CCC(=O)OCCOC(=O)C(C)CSCCC/C=C\C)CCCN1CCN(CCCN(CCC(=O)OCCOC(=O)C(C)CSCCC/C=C\C)(CCC(=O)OCCOC(=O)C(C)CSCCC/C=C\C))CC1,0.8907383
N(CCC(=O)OCCOC(=O)C(C)CSCCC/C=C\C)(CCC(=O)OCCOC(=O)C(C)CSCCC/C=C\C)CCCN(C)CCCN(CCC(=O)OCCOC(=O)C(C)CSCCC/C=C\C)(CCC(=O)OCCOC(=O)C(C)CSCCC/C=C\C),0.8899742
N(CCN(CCC(=O)OCCOC(=O)C(C)CSCCC/C=C\C)(CCC(=O)OCCOC(=O)C(C)CSCCC/C=C\C))(CCN(CCC(=O)OCCOC(=O)C(C)CSCCC/C=C\C)(CCC(=O)OCCOC(=O)C(C)CSCCC/C=C\C))CCN(CCC(=O)OCCOC(=O)C(C)CSCCC/C=C\C)(CCC(=O)OCCOC(=O)C(C)CSCCC/C=C\C),0.88621324
N(CCC(=O)OCCOC(=O)C(C)CSC/C=C\C/C=C\CC)(CCC(=O)OCCOC(=O)C(C)CSC/C=C\C/C=C\CC)CCCN1CCN(C)CC1,0.95630795
N(CCC(=O)OCCOC(=O)C(C)CSC/C=C\C/C=C\CC)(CCC(=O)OCCOC(=O)C(C)CSC/C=C\C/C=C\CC)CCN(C)C,0.9493346
N(CCC(=O)OCCOC(=O)C(C)CSC/C=C\C/C=C\CC)(CCC(=O)OCCOC(=O)C(C)CSC/C=C\C/C=C\CC)CCCN(C)C,0.94660956
OCCN(CCC(=O)OCCOC(=O)C(C)CSC/C=C\C/C=C\CC)CCCN(CCC(=O)OCCOC(=O)C(C)CSC/C=C\C/C=C\CC)(CCC(=O)OCCOC(=O)C(C)CSC/C=C\C/C=C\CC),0.9388369
N(CCC(=O)OCCOC(=O)C(C)CSC/C=C\C/C=C\CC)(CCC(=O)OCCOC(=O)C(C)CSC/C=C\C/C=C\CC)CCCN1CCN(CCCN(CCC(=O)OCCOC(=O)C(C)CSC/C=C\C/C=C\CC)(CCC(=O)OCCOC(=O)C(C)CSC/C=C\C/C=C\CC))CC1,0.90202063
N(CCC(=O)OCCOC(=O)C(C)CSC/C=C\C/C=C\CC)(CCC(=O)OCCOC(=O)C(C)CSC/C=C\C/C=C\CC)CCCN(C)CCCN(CCC(=O)OCCOC(=O)C(C)CSC/C=C\C/C=C\CC)(CCC(=O)OCCOC(=O)C(C)CSC/C=C\C/C=C\CC),0.895741
N(CCN(CCC(=O)OCCOC(=O)C(C)CSC/C=C\C/C=C\CC)(CCC(=O)OCCOC(=O)C(C)CSC/C=C\C/C=C\CC))(CCN(CCC(=O)OCCOC(=O)C(C)CSC/C=C\C/C=C\CC)(CCC(=O)OCCOC(=O)C(C)CSC/C=C\C/C=C\CC))CCN(CCC(=O)OCCOC(=O)C(C)CSC/C=C\C/C=C\CC)(CCC(=O)OCCOC(=O)C(C)CSC/C=C\C/C=C\CC),0.89935446
N(CCC(=O)OCCOC(=O)C(C)CSC/C=C(C)/CC/C=C(C)/CCC=C(C)C)(CCC(=O)OCCOC(=O)C(C)CSC/C=C(C)/CC/C=C(C)/CCC=C(C)C)CCN(C)C,0.94610685
N(CCC(=O)OCCOC(=O)C(C)CSC/C=C(C)/CC/C=C(C)/CCC=C(C)C)(CCC(=O)OCCOC(=O)C(C)CSC/C=C(C)/CC/C=C(C)/CCC=C(C)C)CCCN(C)C,0.9388302
OCCN(CCC(=O)OCCOC(=O)C(C)CSC/C=C(C)/CC/C=C(C)/CCC=C(C)C)CCCN(CCC(=O)OCCOC(=O)C(C)CSC/C=C(C)/CC/C=C(C)/CCC=C(C)C)(CCC(=O)OCCOC(=O)C(C)CSC/C=C(C)/CC/C=C(C)/CCC=C(C)C),0.93488777
N(CCC(=O)OCCOC(=O)C(C)CSC/C=C(C)/CC/C=C(C)/CCC=C(C)C)(CCC(=O)OCCOC(=O)C(C)CSC/C=C(C)/CC/C=C(C)/CCC=C(C)C)CCCN(C)CCCN(CCC(=O)OCCOC(=O)C(C)CSC/C=C(C)/CC/C=C(C)/CCC=C(C)C)(CCC(=O)OCCOC(=O)C(C)CSC/C=C(C)/CC/C=C(C)/CCC=C(C)C),0.9214944
N(CCN(CCC(=O)OCCOC(=O)C(C)CSC/C=C(C)/CC/C=C(C)/CCC=C(C)C)(CCC(=O)OCCOC(=O)C(C)CSC/C=C(C)/CC/C=C(C)/CCC=C(C)C))(CCN(CCC(=O)OCCOC(=O)C(C)CSC/C=C(C)/CC/C=C(C)/CCC=C(C)C)(CCC(=O)OCCOC(=O)C(C)CSC/C=C(C)/CC/C=C(C)/CCC=C(C)C))CCN(CCC(=O)OCCOC(=O)C(C)CSC/C=C(C)/CC/C=C(C)/CCC=C(C)C)(CCC(=O)OCCOC(=O)C(C)CSC/C=C(C)/CC/C=C(C)/CCC=C(C)C),0.8749593
N(CCC(=O)OCCOC(=O)C(C)CSCCCCCC)(CCC(=O)OCCOC(=O)C(C)CSCCCCCC)CCCN1CCN(C)CC1,0.9756271
N(CCC(=O)OCCOC(=O)C(C)CSCCCCCC)(CCC(=O)OCCOC(=O)C(C)CSCCCCCC)CCCN1CCN(CCCN(CCC(=O)OCCOC(=O)C(C)CSCCCCCC)(CCC(=O)OCCOC(=O)C(C)CSCCCCCC))CC1,0.9311743
N(CCC(=O)OCCOC(=O)C(C)CSC/C=C/CCC)(CCC(=O)OCCOC(=O)C(C)CSC/C=C/CCC)CCCN1CCN(C)CC1,0.97615373
N(CCC(=O)OCCOC(=O)C(C)CSC/C=C/CCC)(CCC(=O)OCCOC(=O)C(C)CSC/C=C/CCC)CCN(C)C,0.96987236
N(CCC(=O)OCCOC(=O)C(C)CSC/C=C/CCC)(CCC(=O)OCCOC(=O)C(C)CSC/C=C/CCC)CCCN(C)C,0.9670956
OCCN(CCC(=O)OCCOC(=O)C(C)CSC/C=C/CCC)CCCN(CCC(=O)OCCOC(=O)C(C)CSC/C=C/CCC)(CCC(=O)OCCOC(=O)C(C)CSC/C=C/CCC),0.9600353
N(CCC(=O)OCCOC(=O)C(C)CSC/C=C/CCC)(CCC(=O)OCCOC(=O)C(C)CSC/C=C/CCC)CCCN1CCN(CCCN(CCC(=O)OCCOC(=O)C(C)CSC/C=C/CCC)(CCC(=O)OCCOC(=O)C(C)CSC/C=C/CCC))CC1,0.9079775
N(CCC(=O)OCCOC(=O)C(C)CSC/C=C/CCC)(CCC(=O)OCCOC(=O)C(C)CSC/C=C/CCC)CCCN(C)CCCN(CCC(=O)OCCOC(=O)C(C)CSC/C=C/CCC)(CCC(=O)OCCOC(=O)C(C)CSC/C=C/CCC),0.93839127
N(CCN(CCC(=O)OCCOC(=O)C(C)CSC/C=C/CCC)(CCC(=O)OCCOC(=O)C(C)CSC/C=C/CCC))(CCN(CCC(=O)OCCOC(=O)C(C)CSC/C=C/CCC)(CCC(=O)OCCOC(=O)C(C)CSC/C=C/CCC))CCN(CCC(=O)OCCOC(=O)C(C)CSC/C=C/CCC)(CCC(=O)OCCOC(=O)C(C)CSC/C=C/CCC),0.9231124
N(CCC(=O)OCCOC(=O)C(C)CSC/C=C\CCC)(CCC(=O)OCCOC(=O)C(C)CSC/C=C\CCC)CCCN1CCN(C)CC1,0.97615373
N(CCC(=O)OCCOC(=O)C(C)CSC/C=C\CCC)(CCC(=O)OCCOC(=O)C(C)CSC/C=C\CCC)CCN(C)C,0.96987236
N(CCC(=O)OCCOC(=O)C(C)CSC/C=C\CCC)(CCC(=O)OCCOC(=O)C(C)CSC/C=C\CCC)CCCN(C)C,0.9670956
OCCN(CCC(=O)OCCOC(=O)C(C)CSC/C=C\CCC)CCCN(CCC(=O)OCCOC(=O)C(C)CSC/C=C\CCC)(CCC(=O)OCCOC(=O)C(C)CSC/C=C\CCC),0.9600353
N(CCC(=O)OCCOC(=O)C(C)CSC/C=C\CCC)(CCC(=O)OCCOC(=O)C(C)CSC/C=C\CCC)CCCN1CCN(CCCN(CCC(=O)OCCOC(=O)C(C)CSC/C=C\CCC)(CCC(=O)OCCOC(=O)C(C)CSC/C=C\CCC))CC1,0.9079775
N(CCC(=O)OCCOC(=O)C(C)CSC/C=C\CCC)(CCC(=O)OCCOC(=O)C(C)CSC/C=C\CCC)CCCN(C)CCCN(CCC(=O)OCCOC(=O)C(C)CSC/C=C\CCC)(CCC(=O)OCCOC(=O)C(C)CSC/C=C\CCC),0.93839127
N(CCN(CCC(=O)OCCOC(=O)C(C)CSC/C=C\CCC)(CCC(=O)OCCOC(=O)C(C)CSC/C=C\CCC))(CCN(CCC(=O)OCCOC(=O)C(C)CSC/C=C\CCC)(CCC(=O)OCCOC(=O)C(C)CSC/C=C\CCC))CCN(CCC(=O)OCCOC(=O)C(C)CSC/C=C\CCC)(CCC(=O)OCCOC(=O)C(C)CSC/C=C\CCC),0.9231124
N(CCC(=O)OCCOC(=O)C(C)CSCCCCC=C)(CCC(=O)OCCOC(=O)C(C)CSCCCCC=C)CCCN1CCN(C)CC1,0.9782245
N(CCC(=O)OCCOC(=O)C(C)CSCCCCC=C)(CCC(=O)OCCOC(=O)C(C)CSCCCCC=C)CCN(C)C,0.9734318
N(CCC(=O)OCCOC(=O)C(C)CSCCCCC=C)(CCC(=O)OCCOC(=O)C(C)CSCCCCC=C)CCCN(C)C,0.97074306
OCCN(CCC(=O)OCCOC(=O)C(C)CSCCCCC=C)CCCN(CCC(=O)OCCOC(=O)C(C)CSCCCCC=C)(CCC(=O)OCCOC(=O)C(C)CSCCCCC=C),0.961654
N(CCC(=O)OCCOC(=O)C(C)CSCCCCC=C)(CCC(=O)OCCOC(=O)C(C)CSCCCCC=C)CCCN1CCN(CCCN(CCC(=O)OCCOC(=O)C(C)CSCCCCC=C)(CCC(=O)OCCOC(=O)C(C)CSCCCCC=C))CC1,0.9295592
N(CCC(=O)OCCOC(=O)C(C)CSCCCCC=C)(CCC(=O)OCCOC(=O)C(C)CSCCCCC=C)CCCN(C)CCCN(CCC(=O)OCCOC(=O)C(C)CSCCCCC=C)(CCC(=O)OCCOC(=O)C(C)CSCCCCC=C),0.94273883
N(CCN(CCC(=O)OCCOC(=O)C(C)CSCCCCC=C)(CCC(=O)OCCOC(=O)C(C)CSCCCCC=C))(CCN(CCC(=O)OCCOC(=O)C(C)CSCCCCC=C)(CCC(=O)OCCOC(=O)C(C)CSCCCCC=C))CCN(CCC(=O)OCCOC(=O)C(C)CSCCCCC=C)(CCC(=O)OCCOC(=O)C(C)CSCCCCC=C),0.9360025
N(CCC(=O)OCCOC(=O)C(C)CSCCC(C)CCC=C(C)C)(CCC(=O)OCCOC(=O)C(C)CSCCC(C)CCC=C(C)C)CCCN1CCN(C)CC1,0.96795404
N(CCC(=O)OCCOC(=O)C(C)CSCCC(C)CCC=C(C)C)(CCC(=O)OCCOC(=O)C(C)CSCCC(C)CCC=C(C)C)CCN(C)C,0.9679843
N(CCC(=O)OCCOC(=O)C(C)CSCCC(C)CCC=C(C)C)(CCC(=O)OCCOC(=O)C(C)CSCCC(C)CCC=C(C)C)CCCN(C)C,0.9650323
OCCN(CCC(=O)OCCOC(=O)C(C)CSCCC(C)CCC=C(C)C)CCCN(CCC(=O)OCCOC(=O)C(C)CSCCC(C)CCC=C(C)C)(CCC(=O)OCCOC(=O)C(C)CSCCC(C)CCC=C(C)C),0.91980773
N(CCC(=O)OCCOC(=O)C(C)CSCCC(C)CCC=C(C)C)(CCC(=O)OCCOC(=O)C(C)CSCCC(C)CCC=C(C)C)CCCN1CCN(CCCN(CCC(=O)OCCOC(=O)C(C)CSCCC(C)CCC=C(C)C)(CCC(=O)OCCOC(=O)C(C)CSCCC(C)CCC=C(C)C))CC1,0.9072626
N(CCC(=O)OCCOC(=O)C(C)CSCCC(C)CCC=C(C)C)(CCC(=O)OCCOC(=O)C(C)CSCCC(C)CCC=C(C)C)CCCN(C)CCCN(CCC(=O)OCCOC(=O)C(C)CSCCC(C)CCC=C(C)C)(CCC(=O)OCCOC(=O)C(C)CSCCC(C)CCC=C(C)C),0.9151702
N(CCN(CCC(=O)OCCOC(=O)C(C)CSCCC(C)CCC=C(C)C)(CCC(=O)OCCOC(=O)C(C)CSCCC(C)CCC=C(C)C))(CCN(CCC(=O)OCCOC(=O)C(C)CSCCC(C)CCC=C(C)C)(CCC(=O)OCCOC(=O)C(C)CSCCC(C)CCC=C(C)C))CCN(CCC(=O)OCCOC(=O)C(C)CSCCC(C)CCC=C(C)C)(CCC(=O)OCCOC(=O)C(C)CSCCC(C)CCC=C(C)C),0.9120009
CCCCCCCCCCC(O)N(CCC(O)C(=O)NC1CC(N(C(O)CCCCCCCCCC)C(O)CCCCCCCCCC)C(OC2OC(CN(C(O)CCCCCCCCCC)C(O)CCCCCCCCCC)C(O)C(O)C2O)C(O)C1OC1OC(CO)C(O)C(N(C(O)CCCCCCCCCC)C(O)CCCCCCCCCC)C1O)C(O)CCCCCCCCCC,0.79848063
CCCCCCCCCCCC(O)N(CCC(O)C(=O)NC1CC(N(C(O)CCCCCCCCCCC)C(O)CCCCCCCCCCC)C(OC2OC(CN(C(O)CCCCCCCCCCC)C(O)CCCCCCCCCCC)C(O)C(O)C2O)C(O)C1OC1OC(CO)C(O)C(N(C(O)CCCCCCCCCCC)C(O)CCCCCCCCCCC)C1O)C(O)CCCCCCCCCCC,0.92417616
CCCCCCCCCCCCC(O)N(CCC(O)C(=O)NC1CC(N(C(O)CCCCCCCCCCCC)C(O)CCCCCCCCCCCC)C(OC2OC(CN(C(O)CCCCCCCCCCCC)C(O)CCCCCCCCCCCC)C(O)C(O)C2O)C(O)C1OC1OC(CO)C(O)C(N(C(O)CCCCCCCCCCCC)C(O)CCCCCCCCCCCC)C1O)C(O)CCCCCCCCCCCC,0.9338859
CCCCCCCCCCCCCC(O)N(CCC(O)C(=O)NC1CC(N(C(O)CCCCCCCCCCCCC)C(O)CCCCCCCCCCCCC)C(OC2OC(CN(C(O)CCCCCCCCCCCCC)C(O)CCCCCCCCCCCCC)C(O)C(O)C2O)C(O)C1OC1OC(CO)C(O)C(N(C(O)CCCCCCCCCCCCC)C(O)CCCCCCCCCCCCC)C1O)C(O)CCCCCCCCCCCCC,0.92950296
CCCCCCCCCCCCCCC(O)N(CCC(O)C(=O)NC1CC(N(C(O)CCCCCCCCCCCCCC)C(O)CCCCCCCCCCCCCC)C(OC2OC(CN(C(O)CCCCCCCCCCCCCC)C(O)CCCCCCCCCCCCCC)C(O)C(O)C2O)C(O)C1OC1OC(CO)C(O)C(N(C(O)CCCCCCCCCCCCCC)C(O)CCCCCCCCCCCCCC)C1O)C(O)CCCCCCCCCCCCCC,0.9261578
CCCCCCCCCCCCCCCCC(O)N(CCC(O)C(=O)NC1CC(N(C(O)CCCCCCCCCCCCCCCC)C(O)CCCCCCCCCCCCCCCC)C(OC2OC(CN(C(O)CCCCCCCCCCCCCCCC)C(O)CCCCCCCCCCCCCCCC)C(O)C(O)C2O)C(O)C1OC1OC(CO)C(O)C(N(C(O)CCCCCCCCCCCCCCCC)C(O)CCCCCCCCCCCCCCCC)C1O)C(O)CCCCCCCCCCCCCCCC,0.9027761
CCCCCCCCCOC(=O)CCSCCCC(=N)NCC(CCCCCC)CCCCCCCC,0.95017034
CCCCCCCCCOC(=O)CCSCCCC(=N)NCCCN1CCN(CCCNC(=N)CCCSCCC(=O)OCCCCCCCCC)CC1,0.91894996
CCCCCCCCCOC(=O)CCSCCCC(=N)NCCNCCN1CCN(CCNC(=N)CCCSCCC(=O)OCCCCCCCCC)CC1,0.9643777
CCCCCCCCCCCCOC(=O)CCSCCCC(=N)NCC(CCCCCC)CCCCCCCC,0.94861597
CCCCCCCCCCCCOC(=O)CCSCCCC(=N)NCCCN1CCN(CCCNC(=N)CCCSCCC(=O)OCCCCCCCCCCCC)CC1,0.9181369
CCCCCCCCCCCCOC(=O)CCSCCCC(=N)NCCNCCN1CCN(CCNC(=N)CCCSCCC(=O)OCCCCCCCCCCCC)CC1,0.9631578
CCCCCCCCCCCCCCOC(=O)CCSCCCC(=N)NCC(CCCCCC)CCCCCCCC,0.945952
CCCCCCCCCCCCCCOC(=O)CCSCCCC(=N)NCCCN1CCN(CCCNC(=N)CCCSCCC(=O)OCCCCCCCCCCCCCC)CC1,0.9134878
CCCCCCCCCCCCCCOC(=O)CCSCCCC(=N)NCCNCCN1CCN(CCNC(=N)CCCSCCC(=O)OCCCCCCCCCCCCCC)CC1,0.9613904
CCCCCCCCCCCCCCCCOC(=O)CCSCCCC(=N)NCC(CCCCCC)CCCCCCCC,0.89911866
CCCCCCCCCCCCCCCCOC(=O)CCSCCCC(=N)NCCCN1CCN(CCCNC(=N)CCCSCCC(=O)OCCCCCCCCCCCCCCCC)CC1,0.8573936
CCCCCCCCCCCCCCCCOC(=O)CCSCCCC(=N)NCCNCCN1CCN(CCNC(=N)CCCSCCC(=O)OCCCCCCCCCCCCCCCC)CC1,0.91491085
CCCCC(O)CN(CCCN(C)C)CC(O)CCCC,0.7896201
CCCCCCC(O)CN(CCCN(C)C)CC(O)CCCCCC,0.8002901
CCCCCCCCC(O)CN(CCCN(C)C)CC(O)CCCCCCCC,0.81926304
CCCCCCCCCCC(O)CN(CCCN(C)C)CC(O)CCCCCCCCCC,0.88874125
CCCCCCCCCCCCC(O)CN(CCCN(C)C)CC(O)CCCCCCCCCCCC,0.8961342
CCCCCC(=O)OC(CCCC)CN(CCCN(C)C)CC(CCCC)OC(=O)CCCCC,0.85445267
CCCCCCCC(=O)OC(CCCC)CN(CCCN(C)C)CC(CCCC)OC(=O)CCCCCCC,0.9289028
CCCCCCCCCC(=O)OC(CCCC)CN(CCCN(C)C)CC(CCCC)OC(=O)CCCCCCCCC,0.9349766
CCCCCCCCCCCC(=O)OC(CCCC)CN(CCCN(C)C)CC(CCCC)OC(=O)CCCCCCCCCCC,0.9378717
CCCCCCCCCCCCCC(=O)OC(CCCC)CN(CCCN(C)C)CC(CCCC)OC(=O)CCCCCCCCCCCCC,0.93335116
CCCCCC(=O)OC(CCCCCC)CN(CCCN(C)C)CC(CCCCCC)OC(=O)CCCCC,0.92898583
CCCCCCCC(=O)OC(CCCCCC)CN(CCCN(C)C)CC(CCCCCC)OC(=O)CCCCCCC,0.919786
CCCCCCCCCC(=O)OC(CCCCCC)CN(CCCN(C)C)CC(CCCCCC)OC(=O)CCCCCCCCC,0.93147063
CCCCCCCCCCCC(=O)OC(CCCCCC)CN(CCCN(C)C)CC(CCCCCC)OC(=O)CCCCCCCCCCC,0.9343339
CCCCCCCCCCCCCC(=O)OC(CCCCCC)CN(CCCN(C)C)CC(CCCCCC)OC(=O)CCCCCCCCCCCCC,0.9214809
CCCCCC(=O)OC(CCCCCCCC)CN(CCCN(C)C)CC(CCCCCCCC)OC(=O)CCCCC,0.91964644
CCCCCCCC(=O)OC(CCCCCCCC)CN(CCCN(C)C)CC(CCCCCCCC)OC(=O)CCCCCCC,0.92612547
CCCCCCCCCC(=O)OC(CCCCCCCC)CN(CCCN(C)C)CC(CCCCCCCC)OC(=O)CCCCCCCCC,0.93629956
CCCCCCCCCCCC(=O)OC(CCCCCCCC)CN(CCCN(C)C)CC(CCCCCCCC)OC(=O)CCCCCCCCCCC,0.932643
CCCCCCCCCCCCCC(=O)OC(CCCCCCCC)CN(CCCN(C)C)CC(CCCCCCCC)OC(=O)CCCCCCCCCCCCC,0.90977716
CCCCCC(=O)OC(CCCCCCCCCC)CN(CCCN(C)C)CC(CCCCCCCCCC)OC(=O)CCCCC,0.9205417
CCCCCCCC(=O)OC(CCCCCCCCCC)CN(CCCN(C)C)CC(CCCCCCCCCC)OC(=O)CCCCCCC,0.93783474
CCCCCCCCCC(=O)OC(CCCCCCCCCC)CN(CCCN(C)C)CC(CCCCCCCCCC)OC(=O)CCCCCCCCC,0.93390816
CCCCCCCCCCCC(=O)OC(CCCCCCCCCC)CN(CCCN(C)C)CC(CCCCCCCCCC)OC(=O)CCCCCCCCCCC,0.92341554
CCCCCCCCCCCCCC(=O)OC(CCCCCCCCCC)CN(CCCN(C)C)CC(CCCCCCCCCC)OC(=O)CCCCCCCCCCCCC,0.87050873
CCCCCC(=O)OC(CCCCCCCCCCCC)CN(CCCN(C)C)CC(CCCCCCCCCCCC)OC(=O)CCCCC,0.9331736
CCCCCCCC(=O)OC(CCCCCCCCCCCC)CN(CCCN(C)C)CC(CCCCCCCCCCCC)OC(=O)CCCCCCC,0.9296717
CCCCCCCCCC(=O)OC(CCCCCCCCCCCC)CN(CCCN(C)C)CC(CCCCCCCCCCCC)OC(=O)CCCCCCCCC,0.92111176
CCCCCCCCCCCC(=O)OC(CCCCCCCCCCCC)CN(CCCN(C)C)CC(CCCCCCCCCCCC)OC(=O)CCCCCCCCCCC,0.86787885
CCCCCCCCCCCCCC(=O)OC(CCCCCCCCCCCC)CN(CCCN(C)C)CC(CCCCCCCCCCCC)OC(=O)CCCCCCCCCCCCC,0.80030936
CCCCC(O)CN(CCCN(C)C)CC(O)CCCC,0.72102326
CCCCCCC(O)CN(CCCN(C)C)CC(O)CCCCCC,0.73023087
CCCCCCCCC(O)CN(CCCN(C)C)CC(O)CCCCCCCC,0.7569726
CCCCCCCCCCC(O)CN(CCCN(C)C)CC(O)CCCCCCCCCC,0.838901
CCCCCCCCCCCCC(O)CN(CCCN(C)C)CC(O)CCCCCCCCCCCC,0.85046715
CCCCCC(=O)OC(CCCC)CN(CCCN(C)C)CC(CCCC)OC(=O)CCCCC,0.7914179
CCCCCCCC(=O)OC(CCCC)CN(CCCN(C)C)CC(CCCC)OC(=O)CCCCCCC,0.8759108
CCCCCCCCCC(=O)OC(CCCC)CN(CCCN(C)C)CC(CCCC)OC(=O)CCCCCCCCC,0.8853479
CCCCCCCCCCCC(=O)OC(CCCC)CN(CCCN(C)C)CC(CCCC)OC(=O)CCCCCCCCCCC,0.8911934
CCCCCCCCCCCCCC(=O)OC(CCCC)CN(CCCN(C)C)CC(CCCC)OC(=O)CCCCCCCCCCCCC,0.8853532
CCCCCC(=O)OC(CCCCCC)CN(CCCN(C)C)CC(CCCCCC)OC(=O)CCCCC,0.8760347
CCCCCCCC(=O)OC(CCCCCC)CN(CCCN(C)C)CC(CCCCCC)OC(=O)CCCCCCC,0.8624759
CCCCCCCCCC(=O)OC(CCCCCC)CN(CCCN(C)C)CC(CCCCCC)OC(=O)CCCCCCCCC,0.8836729
CCCCCCCCCCCC(=O)OC(CCCCCC)CN(CCCN(C)C)CC(CCCCCC)OC(=O)CCCCCCCCCCC,0.8870975
CCCCCCCCCCCCCC(=O)OC(CCCCCC)CN(CCCN(C)C)CC(CCCCCC)OC(=O)CCCCCCCCCCCCC,0.8692512
CCCCCC(=O)OC(CCCCCCCC)CN(CCCN(C)C)CC(CCCCCCCC)OC(=O)CCCCC,0.86377865
CCCCCCCC(=O)OC(CCCCCCCC)CN(CCCN(C)C)CC(CCCCCCCC)OC(=O)CCCCCCC,0.87343067
CCCCCCCCCC(=O)OC(CCCCCCCC)CN(CCCN(C)C)CC(CCCCCCCC)OC(=O)CCCCCCCCC,0.8890631
CCCCCCCCCCCC(=O)OC(CCCCCCCC)CN(CCCN(C)C)CC(CCCCCCCC)OC(=O)CCCCCCCCCCC,0.8830443
CCCCCCCCCCCCCC(=O)OC(CCCCCCCC)CN(CCCN(C)C)CC(CCCCCCCC)OC(=O)CCCCCCCCCCCCC,0.85237473
CCCCCC(=O)OC(CCCCCCCCCC)CN(CCCN(C)C)CC(CCCCCCCCCC)OC(=O)CCCCC,0.8667315
CCCCCCCC(=O)OC(CCCCCCCCCC)CN(CCCN(C)C)CC(CCCCCCCCCC)OC(=O)CCCCCCC,0.8938141
CCCCCCCCCC(=O)OC(CCCCCCCCCC)CN(CCCN(C)C)CC(CCCCCCCCCC)OC(=O)CCCCCCCCC,0.889078
CCCCCCCCCCCC(=O)OC(CCCCCCCCCC)CN(CCCN(C)C)CC(CCCCCCCCCC)OC(=O)CCCCCCCCCCC,0.8704503
CCCCCCCCCCCCCC(=O)OC(CCCCCCCCCC)CN(CCCN(C)C)CC(CCCCCCCCCC)OC(=O)CCCCCCCCCCCCC,0.80941516
CCCCCC(=O)OC(CCCCCCCCCCCC)CN(CCCN(C)C)CC(CCCCCCCCCCCC)OC(=O)CCCCC,0.88658917
CCCCCCCC(=O)OC(CCCCCCCCCCCC)CN(CCCN(C)C)CC(CCCCCCCCCCCC)OC(=O)CCCCCCC,0.8807853
CCCCCCCCCC(=O)OC(CCCCCCCCCCCC)CN(CCCN(C)C)CC(CCCCCCCCCCCC)OC(=O)CCCCCCCCC,0.87244827
CCCCCCCCCCCC(=O)OC(CCCCCCCCCCCC)CN(CCCN(C)C)CC(CCCCCCCCCCCC)OC(=O)CCCCCCCCCCC,0.81140435
CCCCCCCCCCCCCC(=O)OC(CCCCCCCCCCCC)CN(CCCN(C)C)CC(CCCCCCCCCCCC)OC(=O)CCCCCCCCCCCCC,0.7339567
CCCCC(O)CN(CCCN(C)C)CC(O)CCCC,0.45888042
CCCCCCC(O)CN(CCCN(C)C)CC(O)CCCCCC,0.46260554
CCCCCCCCC(O)CN(CCCN(C)C)CC(O)CCCCCCCC,0.51047456
CCCCCCCCCCC(O)CN(CCCN(C)C)CC(O)CCCCCCCCCC,0.6616552
CCCCCCCCCCCCC(O)CN(CCCN(C)C)CC(O)CCCCCCCCCCCC,0.67158616
CCCCCC(=O)OC(CCCC)CN(CCCN(C)C)CC(CCCC)OC(=O)CCCCC,0.5496653
CCCCCCCC(=O)OC(CCCC)CN(CCCN(C)C)CC(CCCC)OC(=O)CCCCCCC,0.76047605
CCCCCCCCCC(=O)OC(CCCC)CN(CCCN(C)C)CC(CCCC)OC(=O)CCCCCCCCC,0.77079135
CCCCCCCCCCCC(=O)OC(CCCC)CN(CCCN(C)C)CC(CCCC)OC(=O)CCCCCCCCCCC,0.77806044
CCCCCCCCCCCCCC(=O)OC(CCCC)CN(CCCN(C)C)CC(CCCC)OC(=O)CCCCCCCCCCCCC,0.7725166
CCCCCC(=O)OC(CCCCCC)CN(CCCN(C)C)CC(CCCCCC)OC(=O)CCCCC,0.760169
CCCCCCCC(=O)OC(CCCCCC)CN(CCCN(C)C)CC(CCCCCC)OC(=O)CCCCCCC,0.7481044
CCCCCCCCCC(=O)OC(CCCCCC)CN(CCCN(C)C)CC(CCCCCC)OC(=O)CCCCCCCCC,0.77055115
CCCCCCCCCCCC(=O)OC(CCCCCC)CN(CCCN(C)C)CC(CCCCCC)OC(=O)CCCCCCCCCCC,0.7742466
CCCCCCCCCCCCCC(=O)OC(CCCCCC)CN(CCCN(C)C)CC(CCCCCC)OC(=O)CCCCCCCCCCCCC,0.7535528
CCCCCC(=O)OC(CCCCCCCC)CN(CCCN(C)C)CC(CCCCCCCC)OC(=O)CCCCC,0.74927044
CCCCCCCC(=O)OC(CCCCCCCC)CN(CCCN(C)C)CC(CCCCCCCC)OC(=O)CCCCCCC,0.7594901
CCCCCCCCCC(=O)OC(CCCCCCCC)CN(CCCN(C)C)CC(CCCCCCCC)OC(=O)CCCCCCCCC,0.7762122
CCCCCCCCCCCC(=O)OC(CCCCCCCC)CN(CCCN(C)C)CC(CCCCCCCC)OC(=O)CCCCCCCCCCC,0.76932895
CCCCCCCCCCCCCC(=O)OC(CCCCCCCC)CN(CCCN(C)C)CC(CCCCCCCC)OC(=O)CCCCCCCCCCCCC,0.72881556
CCCCCC(=O)OC(CCCCCCCCCC)CN(CCCN(C)C)CC(CCCCCCCCCC)OC(=O)CCCCC,0.7527909
CCCCCCCC(=O)OC(CCCCCCCCCC)CN(CCCN(C)C)CC(CCCCCCCCCC)OC(=O)CCCCCCC,0.7809632
CCCCCCCCCC(=O)OC(CCCCCCCCCC)CN(CCCN(C)C)CC(CCCCCCCCCC)OC(=O)CCCCCCCCC,0.7753627
CCCCCCCCCCCC(=O)OC(CCCCCCCCCC)CN(CCCN(C)C)CC(CCCCCCCCCC)OC(=O)CCCCCCCCCCC,0.75363076
CCCCCCCCCCCCCC(=O)OC(CCCCCCCCCC)CN(CCCN(C)C)CC(CCCCCCCCCC)OC(=O)CCCCCCCCCCCCC,0.6225799
CCCCCC(=O)OC(CCCCCCCCCCCC)CN(CCCN(C)C)CC(CCCCCCCCCCCC)OC(=O)CCCCC,0.7740346
CCCCCCCC(=O)OC(CCCCCCCCCCCC)CN(CCCN(C)C)CC(CCCCCCCCCCCC)OC(=O)CCCCCCC,0.76823074
CCCCCCCCCC(=O)OC(CCCCCCCCCCCC)CN(CCCN(C)C)CC(CCCCCCCCCCCC)OC(=O)CCCCCCCCC,0.75226784
CCCCCCCCCCCC(=O)OC(CCCCCCCCCCCC)CN(CCCN(C)C)CC(CCCCCCCCCCCC)OC(=O)CCCCCCCCCCC,0.599004
CCCCCCCCCCCCCC(=O)OC(CCCCCCCCCCCC)CN(CCCN(C)C)CC(CCCCCCCCCCCC)OC(=O)CCCCCCCCCCCCC,0.49276933
CCCCc1ccc(C#CCN(C)CC#Cc2ccc(CCCC)cc2)cc1,0.9289446
CCCCCCc1ccc(C#CCN(C)CC#Cc2ccc(CCCCCC)cc2)cc1,0.92947763
CCCC1CCC(c2ccc(C#CCN(C)CC#Cc3ccc(C4CCC(CCC)CC4)cc3)cc2)CC1,0.9281805
CCCCc1ccc(C#CCN(CC)CC#Cc2ccc(CCCC)cc2)cc1,0.935547
CCCCCCc1ccc(C#CCN(CC)CC#Cc2ccc(CCCCCC)cc2)cc1,0.9403815
CCCC1CCC(c2ccc(C#CCN(CC)CC#Cc3ccc(C4CCC(CCC)CC4)cc3)cc2)CC1,0.93404627
CCCC1CCC(c2ccc(C#CCN(CC#Cc3ccc(C4CCC(CCC)CC4)cc3)CCOC)cc2)CC1,0.93804806
CCCCc1ccc(C#CCN(CC#Cc2ccc(CCCC)cc2)CCO)cc1,0.92467636
CCCCCCc1ccc(C#CCN(CC#Cc2ccc(CCCCCC)cc2)CCO)cc1,0.9330174
CCCC1CCC(c2ccc(C#CCN(CC#Cc3ccc(C4CCC(CCC)CC4)cc3)CCO)cc2)CC1,0.94084597
CCCC1CCC(c2ccc(C#CCN(CC#Cc3ccc(C4CCC(CCC)CC4)cc3)C3CCCCC3)cc2)CC1,0.9345578
CCCC1CCC(c2ccc(C#CCN(CC#Cc3ccc(C4CCC(CCC)CC4)cc3)c3ccccc3)cc2)CC1,0.93284005
CCCCc1ccc(C#CCN(CC#Cc2ccc(CCCC)cc2)C2CCC(O)CC2)cc1,0.9528212
CCCCCCc1ccc(C#CCN(CC#Cc2ccc(CCCCCC)cc2)C2CCC(O)CC2)cc1,0.94812495
CCCC1CCC(c2ccc(C#CCN(CC#Cc3ccc(C4CCC(CCC)CC4)cc3)C3CCC(O)CC3)cc2)CC1,0.9424149
CCCC1CCC(c2ccc(C#CCN(CC#Cc3ccc(C4CCC(CCC)CC4)cc3)CC(=O)OC)cc2)CC1,0.9376833
CCCCc1ccc(C#CCN(CC#Cc2ccc(CCCC)cc2)CCN(C)C)cc1,0.92447615
CCCCCCc1ccc(C#CCN(CC#Cc2ccc(CCCCCC)cc2)CCN(C)C)cc1,0.9389658
CCCC1CCC(c2ccc(C#CCN(CC#Cc3ccc(C4CCC(CCC)CC4)cc3)CCN(C)C)cc2)CC1,0.9264011
CCCCCCc1ccc(C#CCN(CC#Cc2ccc(CCCCCC)cc2)CCCN(C)C)cc1,0.9444223
CCCC1CCC(c2ccc(C#CCN(CC#Cc3ccc(C4CCC(CCC)CC4)cc3)CCCN(C)C)cc2)CC1,0.91894
CCCCc1ccc(C#CCN(CC#Cc2ccc(CCCC)cc2)CCN(CC)CC)cc1,0.93388814
CCCCCCc1ccc(C#CCN(CC#Cc2ccc(CCCCCC)cc2)CCN(CC)CC)cc1,0.9437121
CCCC1CCC(c2ccc(C#CCN(CC#Cc3ccc(C4CCC(CCC)CC4)cc3)CCN(CC)CC)cc2)CC1,0.934405
CCCCc1ccc(C#CCN(CC#Cc2ccc(CCCC)cc2)CCCN(CC)CC)cc1,0.947472
CCCCCCc1ccc(C#CCN(CC#Cc2ccc(CCCCCC)cc2)CCCN(CC)CC)cc1,0.9482845
CCCC1CCC(c2ccc(C#CCN(CC#Cc3ccc(C4CCC(CCC)CC4)cc3)CCCN(CC)CC)cc2)CC1,0.93680376
CCCCc1ccc(C#CCN(CC#Cc2ccc(CCCC)cc2)CCN2CCCC2)cc1,0.9513398
CCCCCCc1ccc(C#CCN(CC#Cc2ccc(CCCCCC)cc2)CCN2CCCC2)cc1,0.9537605
CCCCc1ccc(C#CCN(CC#Cc2ccc(CCCC)cc2)CCCN2CCCC2)cc1,0.9499043
CCCCCCc1ccc(C#CCN(CC#Cc2ccc(CCCCCC)cc2)CCCN2CCCC2)cc1,0.9526998
CCCCc1ccc(C#CCN(CC#Cc2ccc(CCCC)cc2)CCCn2ccnc2)cc1,0.9157247
CCCCCCc1ccc(C#CCN(CC#Cc2ccc(CCCCCC)cc2)CCCn2ccnc2)cc1,0.91013104
CCCC1CCC(c2ccc(C#CCN(CC#Cc3ccc(C4CCC(CCC)CC4)cc3)CCCn3ccnc3)cc2)CC1,0.9312774
CCCCCCc1ccc(C#CCN(CC#Cc2ccc(CCCCCC)cc2)CCN2CCOCC2)cc1,0.9582758
CCCCc1ccc(C#CCN(CC#Cc2ccc(CCCC)cc2)CCN2CCCCC2)cc1,0.95275533
CCCCCCc1ccc(C#CCN(CC#Cc2ccc(CCCCCC)cc2)CCN2CCCCC2)cc1,0.9551695
CCCCc1ccc(C#CCN(CC#Cc2ccc(CCCC)cc2)CCN2CCN(C)CC2)cc1,0.9565274
CCCCCCc1ccc(C#CCN(CC#Cc2ccc(CCCCCC)cc2)CCN2CCN(C)CC2)cc1,0.95939636
CCCCCCc1ccc(C#CCN(C)CCCN(C)CC#Cc2ccc(CCCCCC)cc2)cc1,0.9197702
CCCC1CCC(c2ccc(C#CCN(C)CCCN(C)CC#Cc3ccc(C4CCC(CCC)CC4)cc3)cc2)CC1,0.90315694
CCCCc1ccc(C#CCN(CC)CCN(CC)CC#Cc2ccc(CCCC)cc2)cc1,0.9333774
CCCCCCc1ccc(C#CCN(CC)CCN(CC)CC#Cc2ccc(CCCCCC)cc2)cc1,0.9410108
CCCC1CCC(c2ccc(C#CCN(CC)CCN(CC)CC#Cc3ccc(C4CCC(CCC)CC4)cc3)cc2)CC1,0.9316539
CCCCCCc1ccc(C#CCN(C)CCCN(C)CCCN(C)CC#Cc2ccc(CCCCCC)cc2)cc1,0.9182205
CCCC1CCC(c2ccc(C#CCN(C)CCCN(C)CCCN(C)CC#Cc3ccc(C4CCC(CCC)CC4)cc3)cc2)CC1,0.90134996
CCCCc1ccc(C#CCC(CCO)CCN(CC#Cc2ccc(CCCC)cc2)CC#Cc2ccc(CCCC)cc2)cc1,0.8925814
CCCCCCc1ccc(C#CCC(CCO)CCN(CC#Cc2ccc(CCCCCC)cc2)CC#Cc2ccc(CCCCCC)cc2)cc1,0.9028933
CCCC1CCC(c2ccc(C#CCC(CCO)CCN(CC#Cc3ccc(C4CCC(CCC)CC4)cc3)CC#Cc3ccc(C4CCC(CCC)CC4)cc3)cc2)CC1,0.911415
CCCCc1ccc(C#CCN(CC#Cc2ccc(CCCC)cc2)CCN(CC#Cc2ccc(CCCC)cc2)CC#Cc2ccc(CCCC)cc2)cc1,0.90792394
CCCCCCc1ccc(C#CCN(CC#Cc2ccc(CCCCCC)cc2)CCN(CC#Cc2ccc(CCCCCC)cc2)CC#Cc2ccc(CCCCCC)cc2)cc1,0.9115451
CCCC1CCC(c2ccc(C#CCN(CC#Cc3ccc(C4CCC(CCC)CC4)cc3)CCN(CC#Cc3ccc(C4CCC(CCC)CC4)cc3)CC#Cc3ccc(C4CCC(CCC)CC4)cc3)cc2)CC1,0.9244622
CCCCc1ccc(C#CCN(CC#Cc2ccc(CCCC)cc2)CCCN(CC#Cc2ccc(CCCC)cc2)CC#Cc2ccc(CCCC)cc2)cc1,0.9065882
CCCCCCc1ccc(C#CCN(CC#Cc2ccc(CCCCCC)cc2)CCCN(CC#Cc2ccc(CCCCCC)cc2)CC#Cc2ccc(CCCCCC)cc2)cc1,0.91756034
CCCC1CCC(c2ccc(C#CCN(CC#Cc3ccc(C4CCC(CCC)CC4)cc3)CCCN(CC#Cc3ccc(C4CCC(CCC)CC4)cc3)CC#Cc3ccc(C4CCC(CCC)CC4)cc3)cc2)CC1,0.92452824
CCCC1CCC(c2ccc(C#CCN(CC#Cc3ccc(C4CCC(CCC)CC4)cc3)CCOCCOCCN(CC#Cc3ccc(C4CCC(CCC)CC4)cc3)CC#Cc3ccc(C4CCC(CCC)CC4)cc3)cc2)CC1,0.932363
CCCCc1ccc(C#CCN(CC#Cc2ccc(CCCC)cc2)CCN(C)CCN(CC#Cc2ccc(CCCC)cc2)CC#Cc2ccc(CCCC)cc2)cc1,0.9277835
CCCCCCc1ccc(C#CCN(CC#Cc2ccc(CCCCCC)cc2)CCN(C)CCN(CC#Cc2ccc(CCCCCC)cc2)CC#Cc2ccc(CCCCCC)cc2)cc1,0.91971326
CCCC1CCC(c2ccc(C#CCN(CC#Cc3ccc(C4CCC(CCC)CC4)cc3)CCN(C)CCN(CC#Cc3ccc(C4CCC(CCC)CC4)cc3)CC#Cc3ccc(C4CCC(CCC)CC4)cc3)cc2)CC1,0.9283531
CCCCCCc1ccc(C#CCN(CC#Cc2ccc(CCCCCC)cc2)CCCN(C)CCCN(CC#Cc2ccc(CCCCCC)cc2)CC#Cc2ccc(CCCCCC)cc2)cc1,0.92511266
CCCC1CCC(c2ccc(C#CCN(CC#Cc3ccc(C4CCC(CCC)CC4)cc3)CCCN(C)CCCN(CC#Cc3ccc(C4CCC(CCC)CC4)cc3)CC#Cc3ccc(C4CCC(CCC)CC4)cc3)cc2)CC1,0.92655045
CCCCc1ccc(C#CCC(CC#Cc2ccc(CCCC)cc2)CCN(CCN(CC#Cc2ccc(CCCC)cc2)CC#Cc2ccc(CCCC)cc2)CCN(CC#Cc2ccc(CCCC)cc2)CC#Cc2ccc(CCCC)cc2)cc1,0.9097764
CCCCCCc1ccc(C#CCC(CC#Cc2ccc(CCCCCC)cc2)CCN(CCN(CC#Cc2ccc(CCCCCC)cc2)CC#Cc2ccc(CCCCCC)cc2)CCN(CC#Cc2ccc(CCCCCC)cc2)CC#Cc2ccc(CCCCCC)cc2)cc1,0.9117236
CCCC1CCC(c2ccc(C#CCC(CC#Cc3ccc(C4CCC(CCC)CC4)cc3)CCN(CCN(CC#Cc3ccc(C4CCC(CCC)CC4)cc3)CC#Cc3ccc(C4CCC(CCC)CC4)cc3)CCN(CC#Cc3ccc(C4CCC(CCC)CC4)cc3)CC#Cc3ccc(C4CCC(CCC)CC4)cc3)cc2)CC1,0.910439
CCCCc1ccc(C#CCN(CC#Cc2ccc(CCCC)cc2)CCCN2CCN(CCCN(CC#Cc3ccc(CCCC)cc3)CC#Cc3ccc(CCCC)cc3)CC2)cc1,0.94343257
CCCCCCc1ccc(C#CCN(CC#Cc2ccc(CCCCCC)cc2)CCCN2CCN(CCCN(CC#Cc3ccc(CCCCCC)cc3)CC#Cc3ccc(CCCCCC)cc3)CC2)cc1,0.94228095
CCCCCCCCCCCCN(CCCCCCCCCCCC)CCC(NC(C)=O)C(N)=O,0.8936257
CCCCCCCCC(O)CN(CCCCC(NC(C)=O)C(N)=O)CC(O)CCCCCCCC,0.89139277
CCCCCCCCCCC(O)CN(CCCCC(NC(C)=O)C(N)=O)CC(O)CCCCCCCCCC,0.899924
CCCCCCCCCCCCC(O)CN(CCCCC(NC(C)=O)C(N)=O)CC(O)CCCCCCCCCCCC,0.8962171
CCCCCCCCCCCCOC(=O)CCN(CCCCC(NC(C)=O)C(N)=O)CCC(=O)OCCCCCCCCCCCC,0.89980465
CCCCCCCCCCCCOC(=O)CCN(CCCCC(NC(=O)C(CCCCN(CCC(=O)OCCCCCCCCCCCC)CCC(=O)OCCCCCCCCCCCC)NC(C)=O)C(N)=O)CCC(=O)OCCCCCCCCCCCC,0.81010264
CCCCCCCCCCCCOC(=O)CCN(CCCCC(NC(=O)C(CCCCN(CCC(=O)OCCCCCCCCCCCC)CCC(=O)OCCCCCCCCCCCC)NC(=O)C(CCCCN(CCC(=O)OCCCCCCCCCCCC)CCC(=O)OCCCCCCCCCCCC)NC(C)=O)C(N)=O)CCC(=O)OCCCCCCCCCCCC,0.8449349
CCCCCCCCCCCCOC(=O)CCN(CCCCC(NC(=O)C(CCCCN(CCC(=O)OCCCCCCCCCCCC)CCC(=O)OCCCCCCCCCCCC)NC(=O)C(CCCCN(CCC(=O)OCCCCCCCCCCCC)CCC(=O)OCCCCCCCCCCCC)NC(=O)C(CCCCN(CCC(=O)OCCCCCCCCCCCC)CCC(=O)OCCCCCCCCCCCC)NC(C)=O)C(N)=O)CCC(=O)OCCCCCCCCCCCC,0.76460534
CCCCCCCCCCCCOC(=O)CCN(CCCCC(NC(=O)C(CCCCN(CCC(=O)OCCCCCCCCCCCC)CCC(=O)OCCCCCCCCCCCC)NC(=O)C(CCCCN(CCC(=O)OCCCCCCCCCCCC)CCC(=O)OCCCCCCCCCCCC)NC(=O)C(CCCCN(CCC(=O)OCCCCCCCCCCCC)CCC(=O)OCCCCCCCCCCCC)NC(=O)C(CCCCN(CCC(=O)OCCCCCCCCCCCC)CCC(=O)OCCCCCCCCCCCC)NC(C)=O)C(N)=O)CCC(=O)OCCCCCCCCCCCC,0.81966317
CCCCNCCOP(=O)(O)OCCCC,0.8782362
CCCCCOP(=O)(O)OCCNCCCC,0.8777827
CCCCCCOP(=O)(O)OCCNCCCC,0.8792089
CCCCCCCOP(=O)(O)OCCNCCCC,0.870781
CCCCCCCCOP(=O)(O)OCCNCCCC,0.8742801
CCCCCCCCCOP(=O)(O)OCCNCCCC,0.8745626
CCCCCCCCCCOP(=O)(O)OCCNCCCC,0.8734551
CCCCCCCCCCCOP(=O)(O)OCCNCCCC,0.8753384
CCCCCCCCCCCCOP(=O)(O)OCCNCCCC,0.8805996
CCCCCCCCCCCCCOP(=O)(O)OCCNCCCC,0.8840299
CCCCCCCCCCCCCCOP(=O)(O)OCCNCCCC,0.88600963
CCCCCCCCCCCCCCCOP(=O)(O)OCCNCCCC,0.8930995
CCCCCCCCCCCCCCCCOP(=O)(O)OCCNCCCC,0.88060296
CCCCCCNCCOP(=O)(O)OCCCC,0.86613
CCCCCCNCCOP(=O)(O)OCCCCC,0.8691286
CCCCCCNCCOP(=O)(O)OCCCCCC,0.8670071
CCCCCCCOP(=O)(O)OCCNCCCCCC,0.8636913
CCCCCCCCOP(=O)(O)OCCNCCCCCC,0.8628453
CCCCCCCCCOP(=O)(O)OCCNCCCCCC,0.85973746
CCCCCCCCCCOP(=O)(O)OCCNCCCCCC,0.8649987
CCCCCCCCCCCOP(=O)(O)OCCNCCCCCC,0.8676036
CCCCCCCCCCCCOP(=O)(O)OCCNCCCCCC,0.86969274
CCCCCCCCCCCCCOP(=O)(O)OCCNCCCCCC,0.8771317
CCCCCCCCCCCCCCOP(=O)(O)OCCNCCCCCC,0.8803023
CCCCCCCCCCCCCCCOP(=O)(O)OCCNCCCCCC,0.8876098
CCCCCCCCCCCCCCCCOP(=O)(O)OCCNCCCCCC,0.8782946
CCCCCCCCNCCOP(=O)(O)OCCCC,0.8685406
CCCCCCCCNCCOP(=O)(O)OCCCCC,0.86804974
CCCCCCCCNCCOP(=O)(O)OCCCCCC,0.8637084
CCCCCCCCNCCOP(=O)(O)OCCCCCCC,0.8628453
CCCCCCCCNCCOP(=O)(O)OCCCCCCCC,0.86829
CCCCCCCCCOP(=O)(O)OCCNCCCCCCCC,0.8676036
CCCCCCCCCCOP(=O)(O)OCCNCCCCCCCC,0.86950505
CCCCCCCCCCCOP(=O)(O)OCCNCCCCCCCC,0.872707
CCCCCCCCCCCCOP(=O)(O)OCCNCCCCCCCC,0.8798455
CCCCCCCCCCCCCOP(=O)(O)OCCNCCCCCCCC,0.88762367
CCCCCCCCCCCCCCOP(=O)(O)OCCNCCCCCCCC,0.88719064
CCCCCCCCCCCCCCCOP(=O)(O)OCCNCCCCCCCC,0.89043295
CCCCCCCCCCCCCCCCOP(=O)(O)OCCNCCCCCCCC,0.88928306
CCCCCCCCCCNCCOP(=O)(O)OCCCC,0.86525357
CCCCCCCCCCNCCOP(=O)(O)OCCCCC,0.8678391
CCCCCCCCCCNCCOP(=O)(O)OCCCCCC,0.86807275
CCCCCCCCCCNCCOP(=O)(O)OCCCCCCC,0.8712231
CCCCCCCCCCNCCOP(=O)(O)OCCCCCCCC,0.87312454
CCCCCCCCCCNCCOP(=O)(O)OCCCCCCCCC,0.8760549
CCCCCCCCCCNCCOP(=O)(O)OCCCCCCCCCC,0.8793349
CCCCCCCCCCCOP(=O)(O)OCCNCCCCCCCCCC,0.88693875
CCCCCCCCCCCCOP(=O)(O)OCCNCCCCCCCCCC,0.8870992
CCCCCCCCCCCCCOP(=O)(O)OCCNCCCCCCCCCC,0.89189416
CCCCCCCCCCCCCCOP(=O)(O)OCCNCCCCCCCCCC,0.89222413
CCCCCCCCCCCCCCCOP(=O)(O)OCCNCCCCCCCCCC,0.9091265
CCCCCCCCCCCCCCCCOP(=O)(O)OCCNCCCCCCCCCC,0.898248
CCCCCCCCCCCCNCCOP(=O)(O)OCCCC,0.87030417
CCCCCCCCCCCCNCCOP(=O)(O)OCCCCC,0.8757283
CCCCCCCCCCCCNCCOP(=O)(O)OCCCCCC,0.8727993
CCCCCCCCCCCCNCCOP(=O)(O)OCCCCCCC,0.88038915
CCCCCCCCCCCCNCCOP(=O)(O)OCCCCCCCC,0.88494086
CCCCCCCCCCCCNCCOP(=O)(O)OCCCCCCCCC,0.8882104
CCCCCCCCCCCCNCCOP(=O)(O)OCCCCCCCCCC,0.8883856
CCCCCCCCCCCCNCCOP(=O)(O)OCCCCCCCCCCC,0.8914255
CCCCCCCCCCCCNCCOP(=O)(O)OCCCCCCCCCCCC,0.89377314
CCCCCCCCCCCCCOP(=O)(O)OCCNCCCCCCCCCCCC,0.910804
CCCCCCCCCCCCCCOP(=O)(O)OCCNCCCCCCCCCCCC,0.9123193
CCCCCCCCCCCCCCCOP(=O)(O)OCCNCCCCCCCCCCCC,0.9121752
CCCCCCCCCCCCCCCCOP(=O)(O)OCCNCCCCCCCCCCCC,0.9003921
CCCCCCCCCCCCCCNCCOP(=O)(O)OCCCC,0.87462705
CCCCCCCCCCCCCCNCCOP(=O)(O)OCCCCC,0.8846255
CCCCCCCCCCCCCCNCCOP(=O)(O)OCCCCCC,0.8830471
CCCCCCCCCCCCCCNCCOP(=O)(O)OCCCCCCC,0.8926818
CCCCCCCCCCCCCCNCCOP(=O)(O)OCCCCCCCC,0.8927552
CCCCCCCCCCCCCCNCCOP(=O)(O)OCCCCCCCCC,0.8914882
CCCCCCCCCCCCCCNCCOP(=O)(O)OCCCCCCCCCC,0.8920381
CCCCCCCCCCCCCCNCCOP(=O)(O)OCCCCCCCCCCC,0.9104606
CCCCCCCCCCCCCCNCCOP(=O)(O)OCCCCCCCCCCCC,0.91255075
CCCCCCCCCCCCCCNCCOP(=O)(O)OCCCCCCCCCCCCC,0.91326195
CCCCCCCCCCCCCCNCCOP(=O)(O)OCCCCCCCCCCCCCC,0.91319174
CCCCCCCCCCCCCCCOP(=O)(O)OCCNCCCCCCCCCCCCCC,0.91319174
CCCCCCCCCCCCCCCCOP(=O)(O)OCCNCCCCCCCCCCCCCC,0.9036829
CCCCCCOP(=O)(O)OCCN(CCCC)CCCC,0.8957423
CCCCCCCOP(=O)(O)OCCN(CCCC)CCCC,0.9040485
CCCCCCCCOP(=O)(O)OCCN(CCCC)CCCC,0.90469515
CCCCCCCCCOP(=O)(O)OCCN(CCCC)CCCC,0.90997565
CCCCCCCCCCOP(=O)(O)OCCN(CCCC)CCCC,0.91301894
CCCCCCCCCCCOP(=O)(O)OCCN(CCCC)CCCC,0.9201088
CCCCCCCCCCCCOP(=O)(O)OCCN(CCCC)CCCC,0.925634
CCCCCCCCCCCCCOP(=O)(O)OCCN(CCCC)CCCC,0.9335493
CCCCCCCCCCCCCCOP(=O)(O)OCCN(CCCC)CCCC,0.93242496
CCCCCCCCCCCCCCCOP(=O)(O)OCCN(CCCC)CCCC,0.93491584
CCCCCCCCCCCCCCCCOP(=O)(O)OCCN(CCCC)CCCC,0.915311
CCCCCCN(CCCCCC)CCOP(=O)(O)OCCCCC,0.90838426
CCCCCCOP(=O)(O)OCCN(CCCCCC)CCCCCC,0.91282004
CCCCCCCOP(=O)(O)OCCN(CCCCCC)CCCCCC,0.91786104
CCCCCCCCOP(=O)(O)OCCN(CCCCCC)CCCCCC,0.92023695
CCCCCCCCCOP(=O)(O)OCCN(CCCCCC)CCCCCC,0.9277497
CCCCCCCCCCOP(=O)(O)OCCN(CCCCCC)CCCCCC,0.92905957
CCCCCCCCCCCOP(=O)(O)OCCN(CCCCCC)CCCCCC,0.93193865
CCCCCCCCCCCCOP(=O)(O)OCCN(CCCCCC)CCCCCC,0.93361366
CCCCCCCCCCCCCOP(=O)(O)OCCN(CCCCCC)CCCCCC,0.9396132
CCCCCCCCCCCCCCOP(=O)(O)OCCN(CCCCCC)CCCCCC,0.9414958
CCCCCCCCCCCCCCCOP(=O)(O)OCCN(CCCCCC)CCCCCC,0.9406703
CCCCCCCCCCCCCCCCOP(=O)(O)OCCN(CCCCCC)CCCCCC,0.92069256
CCCCCCCCN(CCCCCCCC)CCOP(=O)(O)OCCCCC,0.9315057
CCCCCCCCN(CCCCCCCC)CCOP(=O)(O)OCCCCCC,0.933401
CCCCCCCCN(CCCCCCCC)CCOP(=O)(O)OCCCCCCC,0.93512845
CCCCCCCCOP(=O)(O)OCCN(CCCCCCCC)CCCCCCCC,0.93342596
CCCCCCCCCOP(=O)(O)OCCN(CCCCCCCC)CCCCCCCC,0.9392512
CCCCCCCCCCOP(=O)(O)OCCN(CCCCCCCC)CCCCCCCC,0.9423068
CCCCCCCCCCCOP(=O)(O)OCCN(CCCCCCCC)CCCCCCCC,0.94386655
CCCCCCCCCCCCOP(=O)(O)OCCN(CCCCCCCC)CCCCCCCC,0.9448425
CCCCCCCCCCCCCOP(=O)(O)OCCN(CCCCCCCC)CCCCCCCC,0.94501686
CCCCCCCCCCCCCCOP(=O)(O)OCCN(CCCCCCCC)CCCCCCCC,0.9527309
CCCCCCCCCCCCCCCOP(=O)(O)OCCN(CCCCCCCC)CCCCCCCC,0.95021677
CCCCCCCCCCCCCCCCOP(=O)(O)OCCN(CCCCCCCC)CCCCCCCC,0.9215672
CCCCCCCCCCN(CCCCCCCCCC)CCOP(=O)(O)OCCCCC,0.9419352
CCCCCCCCCCN(CCCCCCCCCC)CCOP(=O)(O)OCCCCCC,0.9475836
CCCCCCCCCCN(CCCCCCCCCC)CCOP(=O)(O)OCCCCCCC,0.94705635
CCCCCCCCCCN(CCCCCCCCCC)CCOP(=O)(O)OCCCCCCCC,0.9448425
CCCCCCCCCCN(CCCCCCCCCC)CCOP(=O)(O)OCCCCCCCCC,0.9452266
CCCCCCCCCCOP(=O)(O)OCCN(CCCCCCCCCC)CCCCCCCCCC,0.94478977
CCCCCCCCCCCOP(=O)(O)OCCN(CCCCCCCCCC)CCCCCCCCCC,0.9541555
CCCCCCCCCCCCOP(=O)(O)OCCN(CCCCCCCCCC)CCCCCCCCCC,0.9522079
CCCCCCCCCCCCCOP(=O)(O)OCCN(CCCCCCCCCC)CCCCCCCCCC,0.95238227
CCCCCCCCCCCCCCOP(=O)(O)OCCN(CCCCCCCCCC)CCCCCCCCCC,0.9508405
CCCCCCCCCCCCCCCOP(=O)(O)OCCN(CCCCCCCCCC)CCCCCCCCCC,0.9472382
CCCCCCCCCCCCCCCCOP(=O)(O)OCCN(CCCCCCCCCC)CCCCCCCCCC,0.91679925
CCCCCCCCCCCCN(CCCCCCCCCCCC)CCOP(=O)(O)OCCCCC,0.9485074
CCCCCCCCCCCCN(CCCCCCCCCCCC)CCOP(=O)(O)OCCCCCC,0.95047987
CCCCCCCCCCCCN(CCCCCCCCCCCC)CCOP(=O)(O)OCCCCCCC,0.95765847
CCCCCCCCCCCCN(CCCCCCCCCCCC)CCOP(=O)(O)OCCCCCCCC,0.95221025
CCCCCCCCCCCCN(CCCCCCCCCCCC)CCOP(=O)(O)OCCCCCCCCC,0.9518971
CCCCCCCCCCCCN(CCCCCCCCCCCC)CCOP(=O)(O)OCCCCCCCCCC,0.9520387
CCCCCCCCCCCCN(CCCCCCCCCCCC)CCOP(=O)(O)OCCCCCCCCCCC,0.95079285
CCCCCCCCCCCCOP(=O)(O)OCCN(CCCCCCCCCCCC)CCCCCCCCCCCC,0.95073307
CCCCCCCCCCCCCOP(=O)(O)OCCN(CCCCCCCCCCCC)CCCCCCCCCCCC,0.95080364
CCCCCCCCCCCCCCOP(=O)(O)OCCN(CCCCCCCCCCCC)CCCCCCCCCCCC,0.93803144
CCCCCCCCCCCCCCCOP(=O)(O)OCCN(CCCCCCCCCCCC)CCCCCCCCCCCC,0.933612
CCCCCCCCCCCCCCCCOP(=O)(O)OCCN(CCCCCCCCCCCC)CCCCCCCCCCCC,0.91166115
CCCCCCCCCCCCCCN(CCCCCCCCCCCCCC)CCOP(=O)(O)OCCCCC,0.95549107
CCCCCCCCCCCCCCN(CCCCCCCCCCCCCC)CCOP(=O)(O)OCCCCCC,0.958257
CCCCCCCCCCCCCCN(CCCCCCCCCCCCCC)CCOP(=O)(O)OCCCCCCC,0.9536718
CCCCCCCCCCCCCCN(CCCCCCCCCCCCCC)CCOP(=O)(O)OCCCCCCCC,0.95073307
CCCCCCCCCCCCCCN(CCCCCCCCCCCCCC)CCOP(=O)(O)OCCCCCCCCC,0.9506293
CCCCCCCCCCCCCCN(CCCCCCCCCCCCCC)CCOP(=O)(O)OCCCCCCCCCC,0.9467357
CCCCCCCCCCCCCCN(CCCCCCCCCCCCCC)CCOP(=O)(O)OCCCCCCCCCCC,0.94467264
CCCCCCCCCCCCCCN(CCCCCCCCCCCCCC)CCOP(=O)(O)OCCCCCCCCCCCC,0.9353128
CCCCCCCCCCCCCCN(CCCCCCCCCCCCCC)CCOP(=O)(O)OCCCCCCCCCCCCC,0.93548715
CCCCCCCCCCCCCCOP(=O)(O)OCCN(CCCCCCCCCCCCCC)CCCCCCCCCCCCCC,0.9302805
CCCCCCCCCCCCCCCOP(=O)(O)OCCN(CCCCCCCCCCCCCC)CCCCCCCCCCCCCC,0.90584964
CCCCCCCCCCCCCCCCOP(=O)(O)OCCN(CCCCCCCCCCCCCC)CCCCCCCCCCCCCC,0.8930417
CCCCCCCCCCCCCCCCN(CCCCCCCCCCCCCCCC)CCOP(=O)(O)OCCCCC,0.9500958
CCCCCCCCCCCCCCCCN(CCCCCCCCCCCCCCCC)CCOP(=O)(O)OCCCCCC,0.9534198
CCCCCCCCCCCCCCCCN(CCCCCCCCCCCCCCCC)CCOP(=O)(O)OCCCCCCC,0.94687843
CCCCCCCCCCCCCCCCN(CCCCCCCCCCCCCCCC)CCOP(=O)(O)OCCCCCCCC,0.9433918
CCCCCCCCCCCCCCCCN(CCCCCCCCCCCCCCCC)CCOP(=O)(O)OCCCCCCCCC,0.93955773
CCCCCCCCCCCCCCCCN(CCCCCCCCCCCCCCCC)CCOP(=O)(O)OCCCCCCCCCC,0.9319609
CCCCCCCCCCCCCCCCN(CCCCCCCCCCCCCCCC)CCOP(=O)(O)OCCCCCCCCCCC,0.93140006
CCCCCCCCCCCCCCCCN(CCCCCCCCCCCCCCCC)CCOP(=O)(O)OCCCCCCCCCCCC,0.9317132
CCCCCCCCCCCCCCCCN(CCCCCCCCCCCCCCCC)CCOP(=O)(O)OCCCCCCCCCCCCC,0.9092604
CCCCCCCCCCCCCCCCN(CCCCCCCCCCCCCCCC)CCOP(=O)(O)OCCCCCCCCCCCCCC,0.9067041
CCCCCCCCCCCCCCCCN(CCCCCCCCCCCCCCCC)CCOP(=O)(O)OCCCCCCCCCCCCCCC,0.90380085
CCCCCCCCCCCCCCCCOP(=O)(O)OCCN(CCCCCCCCCCCCCCCC)CCCCCCCCCCCCCCCC,0.89260405
CCCCCOP(=O)(O)OCCNCCOCCOCCNCCOP(=O)(O)OCCCCC,0.93508583
CCCCCCOP(=O)(O)OCCNCCOCCOCCNCCOP(=O)(O)OCCCCCC,0.9444669
CCCCCCCOP(=O)(O)OCCNCCOCCOCCNCCOP(=O)(O)OCCCCCCC,0.94422686
CCCCCCCCOP(=O)(O)OCCNCCOCCOCCNCCOP(=O)(O)OCCCCCCCC,0.9409335
CCCCCCCCCOP(=O)(O)OCCNCCOCCOCCNCCOP(=O)(O)OCCCCCCCCC,0.93081194
CCCCCCCCCCOP(=O)(O)OCCNCCOCCOCCNCCOP(=O)(O)OCCCCCCCCCC,0.911931
CCCCCCCCCCCOP(=O)(O)OCCNCCOCCOCCNCCOP(=O)(O)OCCCCCCCCCCC,0.90876406
CCCCCCCCCCCCOP(=O)(O)OCCNCCOCCOCCNCCOP(=O)(O)OCCCCCCCCCCCC,0.9113229
CCCCCCCCCCCCCOP(=O)(O)OCCNCCOCCOCCNCCOP(=O)(O)OCCCCCCCCCCCCC,0.91831464
CCCCCCCCCCCCCCOP(=O)(O)OCCNCCOCCOCCNCCOP(=O)(O)OCCCCCCCCCCCCCC,0.9186789
CCCCCCCCCCCCCCCOP(=O)(O)OCCNCCOCCOCCNCCOP(=O)(O)OCCCCCCCCCCCCCCC,0.9190883
CCCCCCCCCCCCCCCCOP(=O)(O)OCCNCCOCCOCCNCCOP(=O)(O)OCCCCCCCCCCCCCCCC,0.90239966
CCCCOP(=O)(O)OCCNCCCN(CCCN(C)C)CCOP(=O)(O)OCCCC,0.9461163
CCCCCOP(=O)(O)OCCNCCCN(CCCN(C)C)CCOP(=O)(O)OCCCCC,0.94937813
CCCCCCOP(=O)(O)OCCNCCCN(CCCN(C)C)CCOP(=O)(O)OCCCCCC,0.95125407
CCCCCCCOP(=O)(O)OCCNCCCN(CCCN(C)C)CCOP(=O)(O)OCCCCCCC,0.9517154
CCCCCCCCOP(=O)(O)OCCNCCCN(CCCN(C)C)CCOP(=O)(O)OCCCCCCCC,0.95337194
CCCCCCCCCOP(=O)(O)OCCNCCCN(CCCN(C)C)CCOP(=O)(O)OCCCCCCCCC,0.9413754
CCCCCCCCCCOP(=O)(O)OCCNCCCN(CCCN(C)C)CCOP(=O)(O)OCCCCCCCCCC,0.91967773
CCCCCCCCCCCOP(=O)(O)OCCNCCCN(CCCN(C)C)CCOP(=O)(O)OCCCCCCCCCCC,0.91522974
CCCCCCCCCCCCOP(=O)(O)OCCNCCCN(CCCN(C)C)CCOP(=O)(O)OCCCCCCCCCCCC,0.92287624
CCCCCCCCCCCCCOP(=O)(O)OCCNCCCN(CCCN(C)C)CCOP(=O)(O)OCCCCCCCCCCCCC,0.92555285
CCCCCCCCCCCCCCOP(=O)(O)OCCNCCCN(CCCN(C)C)CCOP(=O)(O)OCCCCCCCCCCCCCC,0.92492586
CCCCCCCCCCCCCCCOP(=O)(O)OCCNCCCN(CCCN(C)C)CCOP(=O)(O)OCCCCCCCCCCCCCCC,0.92390287
CCCCCCCCCCCCCCCCOP(=O)(O)OCCNCCCN(CCCN(C)C)CCOP(=O)(O)OCCCCCCCCCCCCCCCC,0.9053492
CCCCOP(=O)(O)OCCNCCCNCCCNCCOP(=O)(O)OCCCC,0.9280143
CCCCCOP(=O)(O)OCCNCCCNCCCNCCOP(=O)(O)OCCCCC,0.9327362
CCCCCCOP(=O)(O)OCCNCCCNCCCNCCOP(=O)(O)OCCCCCC,0.94299483
CCCCCCCOP(=O)(O)OCCNCCCNCCCNCCOP(=O)(O)OCCCCCCC,0.94254094
CCCCCCCCOP(=O)(O)OCCNCCCNCCCNCCOP(=O)(O)OCCCCCCCC,0.9430645
CCCCCCCCCOP(=O)(O)OCCNCCCNCCCNCCOP(=O)(O)OCCCCCCCCC,0.93306255
CCCCCCCCCCOP(=O)(O)OCCNCCCNCCCNCCOP(=O)(O)OCCCCCCCCCC,0.93220085
CCCCCCCCCCCOP(=O)(O)OCCNCCCNCCCNCCOP(=O)(O)OCCCCCCCCCCC,0.9097131
CCCCCCCCCCCCOP(=O)(O)OCCNCCCNCCCNCCOP(=O)(O)OCCCCCCCCCCCC,0.91513395
CCCCCCCCCCCCCOP(=O)(O)OCCNCCCNCCCNCCOP(=O)(O)OCCCCCCCCCCCCC,0.91884875
CCCCCCCCCCCCCCOP(=O)(O)OCCNCCCNCCCNCCOP(=O)(O)OCCCCCCCCCCCCCC,0.9184291
CCCCCCCCCCCCCCCOP(=O)(O)OCCNCCCNCCCNCCOP(=O)(O)OCCCCCCCCCCCCCCC,0.91932285
CCCCCCCCCCCCCCCCOP(=O)(O)OCCNCCCNCCCNCCOP(=O)(O)OCCCCCCCCCCCCCCCC,0.90271866
CCCCOP(=O)(O)OCCNCCNCCNCCNCCOP(=O)(O)OCCCC,0.935856
CCCCCOP(=O)(O)OCCNCCNCCNCCNCCOP(=O)(O)OCCCCC,0.9463528
CCCCCCOP(=O)(O)OCCNCCNCCNCCNCCOP(=O)(O)OCCCCCC,0.9516941
CCCCCCCOP(=O)(O)OCCNCCNCCNCCNCCOP(=O)(O)OCCCCCCC,0.9513809
CCCCCCCCOP(=O)(O)OCCNCCNCCNCCNCCOP(=O)(O)OCCCCCCCC,0.9519076
CCCCCCCCCOP(=O)(O)OCCNCCNCCNCCNCCOP(=O)(O)OCCCCCCCCC,0.9444906
CCCCCCCCCCOP(=O)(O)OCCNCCNCCNCCNCCOP(=O)(O)OCCCCCCCCCC,0.94457567
CCCCCCCCCCCOP(=O)(O)OCCNCCNCCNCCNCCOP(=O)(O)OCCCCCCCCCCC,0.92327034
CCCCCCCCCCCCOP(=O)(O)OCCNCCNCCNCCNCCOP(=O)(O)OCCCCCCCCCCCC,0.92500126
CCCCCCCCCCCCCOP(=O)(O)OCCNCCNCCNCCNCCOP(=O)(O)OCCCCCCCCCCCCC,0.9319259
CCCCCCCCCCCCCCOP(=O)(O)OCCNCCNCCNCCNCCOP(=O)(O)OCCCCCCCCCCCCCC,0.9306197
CCCCCCCCCCCCCCCOP(=O)(O)OCCNCCNCCNCCNCCOP(=O)(O)OCCCCCCCCCCCCCCC,0.92897546
CCCCCCCCCCCCCCCCOP(=O)(O)OCCNCCNCCNCCNCCOP(=O)(O)OCCCCCCCCCCCCCCCC,0.9104801
CCCCOP(=O)(O)OCCNCCCNCCCNCCCNCCOP(=O)(O)OCCCC,0.93836945
CCCCCOP(=O)(O)OCCNCCCNCCCNCCCNCCOP(=O)(O)OCCCCC,0.94140965
CCCCCCOP(=O)(O)OCCNCCCNCCCNCCCNCCOP(=O)(O)OCCCCCC,0.94279593
CCCCCCCOP(=O)(O)OCCNCCCNCCCNCCCNCCOP(=O)(O)OCCCCCCC,0.9323239
CCCCCCCCOP(=O)(O)OCCNCCCNCCCNCCCNCCOP(=O)(O)OCCCCCCCC,0.9336983
CCCCCCCCCOP(=O)(O)OCCNCCCNCCCNCCCNCCOP(=O)(O)OCCCCCCCCC,0.91177666
CCCCCCCCCCOP(=O)(O)OCCNCCCNCCCNCCCNCCOP(=O)(O)OCCCCCCCCCC,0.9126378
CCCCCCCCCCCOP(=O)(O)OCCNCCCNCCCNCCCNCCOP(=O)(O)OCCCCCCCCCCC,0.9176078
CCCCCCCCCCCCOP(=O)(O)OCCNCCCNCCCNCCCNCCOP(=O)(O)OCCCCCCCCCCCC,0.91943
CCCCCCCCCCCCCOP(=O)(O)OCCNCCCNCCCNCCCNCCOP(=O)(O)OCCCCCCCCCCCCC,0.92166024
CCCCCCCCCCCCCCOP(=O)(O)OCCNCCCNCCCNCCCNCCOP(=O)(O)OCCCCCCCCCCCCCC,0.9211316
CCCCCCCCCCCCCCCOP(=O)(O)OCCNCCCNCCCNCCCNCCOP(=O)(O)OCCCCCCCCCCCCCCC,0.92062074
CCCCCCCCCCCCCCCCOP(=O)(O)OCCNCCCNCCCNCCCNCCOP(=O)(O)OCCCCCCCCCCCCCCCC,0.90246975
CCCCOP(=O)(O)OCCNCCN(CCN)CCNCCOP(=O)(O)OCCCC,0.9377661
CCCCCOP(=O)(O)OCCNCCN(CCN)CCNCCOP(=O)(O)OCCCCC,0.94283104
CCCCCCOP(=O)(O)OCCNCCN(CCN)CCNCCOP(=O)(O)OCCCCCC,0.9484743
CCCCCCCOP(=O)(O)OCCNCCN(CCN)CCNCCOP(=O)(O)OCCCCCCC,0.9484743
CCCCCCCCOP(=O)(O)OCCNCCN(CCN)CCNCCOP(=O)(O)OCCCCCCCC,0.9493619
CCCCCCCCCOP(=O)(O)OCCNCCN(CCN)CCNCCOP(=O)(O)OCCCCCCCCC,0.94161683
CCCCCCCCCCOP(=O)(O)OCCNCCN(CCN)CCNCCOP(=O)(O)OCCCCCCCCCC,0.9414476
CCCCCCCCCCCOP(=O)(O)OCCNCCN(CCN)CCNCCOP(=O)(O)OCCCCCCCCCCC,0.91903853
CCCCCCCCCCCCOP(=O)(O)OCCNCCN(CCN)CCNCCOP(=O)(O)OCCCCCCCCCCCC,0.92076135
CCCCCCCCCCCCCOP(=O)(O)OCCNCCN(CCN)CCNCCOP(=O)(O)OCCCCCCCCCCCCC,0.92851126
CCCCCCCCCCCCCCOP(=O)(O)OCCNCCN(CCN)CCNCCOP(=O)(O)OCCCCCCCCCCCCCC,0.9279191
CCCCCCCCCCCCCCCOP(=O)(O)OCCNCCN(CCN)CCNCCOP(=O)(O)OCCCCCCCCCCCCCCC,0.92767835
CCCCCCCCCCCCCCCCOP(=O)(O)OCCNCCN(CCN)CCNCCOP(=O)(O)OCCCCCCCCCCCCCCCC,0.910768
CCCCOP(=O)(O)OCCNCCNCCNCCNCCNCCOP(=O)(O)OCCCC,0.944309
CCCCCOP(=O)(O)OCCNCCNCCNCCNCCNCCOP(=O)(O)OCCCCC,0.9448926
CCCCCCOP(=O)(O)OCCNCCNCCNCCNCCNCCOP(=O)(O)OCCCCCC,0.9504182
CCCCCCCOP(=O)(O)OCCNCCNCCNCCNCCNCCOP(=O)(O)OCCCCCCC,0.95004654
CCCCCCCCOP(=O)(O)OCCNCCNCCNCCNCCNCCOP(=O)(O)OCCCCCCCC,0.9438339
CCCCCCCCCOP(=O)(O)OCCNCCNCCNCCNCCNCCOP(=O)(O)OCCCCCCCCC,0.9235149
CCCCCCCCCCOP(=O)(O)OCCNCCNCCNCCNCCNCCOP(=O)(O)OCCCCCCCCCC,0.9246771
CCCCCCCCCCCOP(=O)(O)OCCNCCNCCNCCNCCNCCOP(=O)(O)OCCCCCCCCCCC,0.92604476
CCCCCCCCCCCCOP(=O)(O)OCCNCCNCCNCCNCCNCCOP(=O)(O)OCCCCCCCCCCCC,0.9273313
CCCCCCCCCCCCCOP(=O)(O)OCCNCCNCCNCCNCCNCCOP(=O)(O)OCCCCCCCCCCCCC,0.9314678
CCCCCCCCCCCCCCOP(=O)(O)OCCNCCNCCNCCNCCNCCOP(=O)(O)OCCCCCCCCCCCCCC,0.93039566
CCCCCCCCCCCCCCCOP(=O)(O)OCCNCCNCCNCCNCCNCCOP(=O)(O)OCCCCCCCCCCCCCCC,0.9274537
CCCCCCCCCCCCCCCCOP(=O)(O)OCCNCCNCCNCCNCCNCCOP(=O)(O)OCCCCCCCCCCCCCCCC,0.9104261
CCCCOP(=O)(O)OCCN(CCOP(=O)(O)OCCCC)CCN1CCN(CCOP(=O)(O)OCCCC)CC1,0.94624364
CCCCCOP(=O)(O)OCCN(CCOP(=O)(O)OCCCCC)CCN1CCN(CCOP(=O)(O)OCCCCC)CC1,0.9302151
CCCCCCOP(=O)(O)OCCN(CCOP(=O)(O)OCCCCCC)CCN1CCN(CCOP(=O)(O)OCCCCCC)CC1,0.9334686
CCCCCCCOP(=O)(O)OCCN(CCOP(=O)(O)OCCCCCCC)CCN1CCN(CCOP(=O)(O)OCCCCCCC)CC1,0.9357351
CCCCCCCCOP(=O)(O)OCCN(CCOP(=O)(O)OCCCCCCCC)CCN1CCN(CCOP(=O)(O)OCCCCCCCC)CC1,0.93839496
CCCCCCCCCOP(=O)(O)OCCN(CCOP(=O)(O)OCCCCCCCCC)CCN1CCN(CCOP(=O)(O)OCCCCCCCCC)CC1,0.94200104
CCCCCCCCCCOP(=O)(O)OCCN(CCOP(=O)(O)OCCCCCCCCCC)CCN1CCN(CCOP(=O)(O)OCCCCCCCCCC)CC1,0.9430928
CCCCCCCCCCCOP(=O)(O)OCCN(CCOP(=O)(O)OCCCCCCCCCCC)CCN1CCN(CCOP(=O)(O)OCCCCCCCCCCC)CC1,0.9427224
CCCCCCCCCCCCOP(=O)(O)OCCN(CCOP(=O)(O)OCCCCCCCCCCCC)CCN1CCN(CCOP(=O)(O)OCCCCCCCCCCCC)CC1,0.9427224
CCCCCCCCCCCCCOP(=O)(O)OCCN(CCOP(=O)(O)OCCCCCCCCCCCCC)CCN1CCN(CCOP(=O)(O)OCCCCCCCCCCCCC)CC1,0.93708485
CCCCCCCCCCCCCCOP(=O)(O)OCCN(CCOP(=O)(O)OCCCCCCCCCCCCCC)CCN1CCN(CCOP(=O)(O)OCCCCCCCCCCCCCC)CC1,0.9190517
CCCCCCCCCCCCCCCOP(=O)(O)OCCN(CCOP(=O)(O)OCCCCCCCCCCCCCCC)CCN1CCN(CCOP(=O)(O)OCCCCCCCCCCCCCCC)CC1,0.90887874
CCCCCCCCCCCCCCCCOP(=O)(O)OCCN(CCOP(=O)(O)OCCCCCCCCCCCCCCCC)CCN1CCN(CCOP(=O)(O)OCCCCCCCCCCCCCCCC)CC1,0.89903265
CCCCOP(=O)(O)OCCN(CCCN(C)C)CCCN(CCOP(=O)(O)OCCCC)CCOP(=O)(O)OCCCC,0.92513937
CCCCCOP(=O)(O)OCCN(CCCN(C)C)CCCN(CCOP(=O)(O)OCCCCC)CCOP(=O)(O)OCCCCC,0.9277296
CCCCCCOP(=O)(O)OCCN(CCCN(C)C)CCCN(CCOP(=O)(O)OCCCCCC)CCOP(=O)(O)OCCCCCC,0.93063927
CCCCCCCOP(=O)(O)OCCN(CCCN(C)C)CCCN(CCOP(=O)(O)OCCCCCCC)CCOP(=O)(O)OCCCCCCC,0.93246067
CCCCCCCCOP(=O)(O)OCCN(CCCN(C)C)CCCN(CCOP(=O)(O)OCCCCCCCC)CCOP(=O)(O)OCCCCCCCC,0.9374454
CCCCCCCCCOP(=O)(O)OCCN(CCCN(C)C)CCCN(CCOP(=O)(O)OCCCCCCCCC)CCOP(=O)(O)OCCCCCCCCC,0.93943906
CCCCCCCCCCOP(=O)(O)OCCN(CCCN(C)C)CCCN(CCOP(=O)(O)OCCCCCCCCCC)CCOP(=O)(O)OCCCCCCCCCC,0.9376398
CCCCCCCCCCCOP(=O)(O)OCCN(CCCN(C)C)CCCN(CCOP(=O)(O)OCCCCCCCCCCC)CCOP(=O)(O)OCCCCCCCCCCC,0.93764895
CCCCCCCCCCCCOP(=O)(O)OCCN(CCCN(C)C)CCCN(CCOP(=O)(O)OCCCCCCCCCCCC)CCOP(=O)(O)OCCCCCCCCCCCC,0.9379015
CCCCCCCCCCCCCOP(=O)(O)OCCN(CCCN(C)C)CCCN(CCOP(=O)(O)OCCCCCCCCCCCCC)CCOP(=O)(O)OCCCCCCCCCCCCC,0.92813265
CCCCCCCCCCCCCCOP(=O)(O)OCCN(CCCN(C)C)CCCN(CCOP(=O)(O)OCCCCCCCCCCCCCC)CCOP(=O)(O)OCCCCCCCCCCCCCC,0.9157157
CCCCCCCCCCCCCCCOP(=O)(O)OCCN(CCCN(C)C)CCCN(CCOP(=O)(O)OCCCCCCCCCCCCCCC)CCOP(=O)(O)OCCCCCCCCCCCCCCC,0.90781015
CCCCCCCCCCCCCCCCOP(=O)(O)OCCN(CCCN(C)C)CCCN(CCOP(=O)(O)OCCCCCCCCCCCCCCCC)CCOP(=O)(O)OCCCCCCCCCCCCCCCC,0.8971754
CCCCOP(=O)(O)OCCNCCCN(CCCNCCOP(=O)(O)OCCCC)CCOP(=O)(O)OCCCC,0.9195669
CCCCCOP(=O)(O)OCCNCCCN(CCCNCCOP(=O)(O)OCCCCC)CCOP(=O)(O)OCCCCC,0.9193584
CCCCCCOP(=O)(O)OCCNCCCN(CCCNCCOP(=O)(O)OCCCCCC)CCOP(=O)(O)OCCCCCC,0.9241244
CCCCCCCOP(=O)(O)OCCNCCCN(CCCNCCOP(=O)(O)OCCCCCCC)CCOP(=O)(O)OCCCCCCC,0.9267701
CCCCCCCCOP(=O)(O)OCCNCCCN(CCCNCCOP(=O)(O)OCCCCCCCC)CCOP(=O)(O)OCCCCCCCC,0.9318281
CCCCCCCCCOP(=O)(O)OCCNCCCN(CCCNCCOP(=O)(O)OCCCCCCCCC)CCOP(=O)(O)OCCCCCCCCC,0.9349225
CCCCCCCCCCOP(=O)(O)OCCNCCCN(CCCNCCOP(=O)(O)OCCCCCCCCCC)CCOP(=O)(O)OCCCCCCCCCC,0.9351658
CCCCCCCCCCCOP(=O)(O)OCCNCCCN(CCCNCCOP(=O)(O)OCCCCCCCCCCC)CCOP(=O)(O)OCCCCCCCCCCC,0.93574375
CCCCCCCCCCCCOP(=O)(O)OCCNCCCN(CCCNCCOP(=O)(O)OCCCCCCCCCCCC)CCOP(=O)(O)OCCCCCCCCCCCC,0.93574375
CCCCCCCCCCCCCOP(=O)(O)OCCNCCCN(CCCNCCOP(=O)(O)OCCCCCCCCCCCCC)CCOP(=O)(O)OCCCCCCCCCCCCC,0.9291318
CCCCCCCCCCCCCCOP(=O)(O)OCCNCCCN(CCCNCCOP(=O)(O)OCCCCCCCCCCCCCC)CCOP(=O)(O)OCCCCCCCCCCCCCC,0.9118268
CCCCCCCCCCCCCCCOP(=O)(O)OCCNCCCN(CCCNCCOP(=O)(O)OCCCCCCCCCCCCCCC)CCOP(=O)(O)OCCCCCCCCCCCCCCC,0.90393084
CCCCCCCCCCCCCCCCOP(=O)(O)OCCNCCCN(CCCNCCOP(=O)(O)OCCCCCCCCCCCCCCCC)CCOP(=O)(O)OCCCCCCCCCCCCCCCC,0.8933807
CCCCOP(=O)(O)OCCNCCCN1CCN(CCCN(CCOP(=O)(O)OCCCC)CCOP(=O)(O)OCCCC)CC1,0.92772365
CCCCCOP(=O)(O)OCCNCCCN1CCN(CCCN(CCOP(=O)(O)OCCCCC)CCOP(=O)(O)OCCCCC)CC1,0.9294387
CCCCCCOP(=O)(O)OCCNCCCN1CCN(CCCN(CCOP(=O)(O)OCCCCCC)CCOP(=O)(O)OCCCCCC)CC1,0.9307686
CCCCCCCOP(=O)(O)OCCNCCCN1CCN(CCCN(CCOP(=O)(O)OCCCCCCC)CCOP(=O)(O)OCCCCCCC)CC1,0.9319626
CCCCCCCCOP(=O)(O)OCCNCCCN1CCN(CCCN(CCOP(=O)(O)OCCCCCCCC)CCOP(=O)(O)OCCCCCCCC)CC1,0.9352985
CCCCCCCCCOP(=O)(O)OCCNCCCN1CCN(CCCN(CCOP(=O)(O)OCCCCCCCCC)CCOP(=O)(O)OCCCCCCCCC)CC1,0.93886304
CCCCCCCCCCOP(=O)(O)OCCNCCCN1CCN(CCCN(CCOP(=O)(O)OCCCCCCCCCC)CCOP(=O)(O)OCCCCCCCCCC)CC1,0.93948096
CCCCCCCCCCCOP(=O)(O)OCCNCCCN1CCN(CCCN(CCOP(=O)(O)OCCCCCCCCCCC)CCOP(=O)(O)OCCCCCCCCCCC)CC1,0.9393966
CCCCCCCCCCCCOP(=O)(O)OCCNCCCN1CCN(CCCN(CCOP(=O)(O)OCCCCCCCCCCCC)CCOP(=O)(O)OCCCCCCCCCCCC)CC1,0.93211514
CCCCCCCCCCCCCOP(=O)(O)OCCNCCCN1CCN(CCCN(CCOP(=O)(O)OCCCCCCCCCCCCC)CCOP(=O)(O)OCCCCCCCCCCCCC)CC1,0.924427
CCCCCCCCCCCCCCOP(=O)(O)OCCNCCCN1CCN(CCCN(CCOP(=O)(O)OCCCCCCCCCCCCCC)CCOP(=O)(O)OCCCCCCCCCCCCCC)CC1,0.9138357
CCCCCCCCCCCCCCCOP(=O)(O)OCCNCCCN1CCN(CCCN(CCOP(=O)(O)OCCCCCCCCCCCCCCC)CCOP(=O)(O)OCCCCCCCCCCCCCCC)CC1,0.9074311
CCCCCCCCCCCCCCCCOP(=O)(O)OCCNCCCN1CCN(CCCN(CCOP(=O)(O)OCCCCCCCCCCCCCCCC)CCOP(=O)(O)OCCCCCCCCCCCCCCCC)CC1,0.8976458
CCCCOP(=O)(O)OCCNCCNCCN(CCNCCOP(=O)(O)OCCCC)CCOP(=O)(O)OCCCC,0.9049767
CCCCCOP(=O)(O)OCCNCCNCCN(CCNCCOP(=O)(O)OCCCCC)CCOP(=O)(O)OCCCCC,0.9190724
CCCCCCOP(=O)(O)OCCNCCNCCN(CCNCCOP(=O)(O)OCCCCCC)CCOP(=O)(O)OCCCCCC,0.9262612
CCCCCCCOP(=O)(O)OCCNCCNCCN(CCNCCOP(=O)(O)OCCCCCCC)CCOP(=O)(O)OCCCCCCC,0.92788094
CCCCCCCCOP(=O)(O)OCCNCCNCCN(CCNCCOP(=O)(O)OCCCCCCCC)CCOP(=O)(O)OCCCCCCCC,0.9307634
CCCCCCCCCOP(=O)(O)OCCNCCNCCN(CCNCCOP(=O)(O)OCCCCCCCCC)CCOP(=O)(O)OCCCCCCCCC,0.93560106
CCCCCCCCCCOP(=O)(O)OCCNCCNCCN(CCNCCOP(=O)(O)OCCCCCCCCCC)CCOP(=O)(O)OCCCCCCCCCC,0.93669283
CCCCCCCCCCCOP(=O)(O)OCCNCCNCCN(CCNCCOP(=O)(O)OCCCCCCCCCCC)CCOP(=O)(O)OCCCCCCCCCCC,0.9368912
CCCCCCCCCCCCOP(=O)(O)OCCNCCNCCN(CCNCCOP(=O)(O)OCCCCCCCCCCCC)CCOP(=O)(O)OCCCCCCCCCCCC,0.9355735
CCCCCCCCCCCCCOP(=O)(O)OCCNCCNCCN(CCNCCOP(=O)(O)OCCCCCCCCCCCCC)CCOP(=O)(O)OCCCCCCCCCCCCC,0.93214005
CCCCCCCCCCCCCCOP(=O)(O)OCCNCCNCCN(CCNCCOP(=O)(O)OCCCCCCCCCCCCCC)CCOP(=O)(O)OCCCCCCCCCCCCCC,0.9153362
CCCCCCCCCCCCCCCOP(=O)(O)OCCNCCNCCN(CCNCCOP(=O)(O)OCCCCCCCCCCCCCCC)CCOP(=O)(O)OCCCCCCCCCCCCCCC,0.90732145
CCCCCCCCCCCCCCCCOP(=O)(O)OCCNCCNCCN(CCNCCOP(=O)(O)OCCCCCCCCCCCCCCCC)CCOP(=O)(O)OCCCCCCCCCCCCCCCC,0.8952875
CCCCOP(=O)(O)OCCNCCCNCCCN(CCCNCCOP(=O)(O)OCCCC)CCOP(=O)(O)OCCCC,0.9098411
CCCCCOP(=O)(O)OCCNCCCNCCCN(CCCNCCOP(=O)(O)OCCCCC)CCOP(=O)(O)OCCCCC,0.9138766
CCCCCCOP(=O)(O)OCCNCCCNCCCN(CCCNCCOP(=O)(O)OCCCCCC)CCOP(=O)(O)OCCCCCC,0.9146679
CCCCCCCOP(=O)(O)OCCNCCCNCCCN(CCCNCCOP(=O)(O)OCCCCCCC)CCOP(=O)(O)OCCCCCCC,0.9196898
CCCCCCCCOP(=O)(O)OCCNCCCNCCCN(CCCNCCOP(=O)(O)OCCCCCCCC)CCOP(=O)(O)OCCCCCCCC,0.92525595
CCCCCCCCCOP(=O)(O)OCCNCCCNCCCN(CCCNCCOP(=O)(O)OCCCCCCCCC)CCOP(=O)(O)OCCCCCCCCC,0.92785525
CCCCCCCCCCOP(=O)(O)OCCNCCCNCCCN(CCCNCCOP(=O)(O)OCCCCCCCCCC)CCOP(=O)(O)OCCCCCCCCCC,0.9285355
CCCCCCCCCCCOP(=O)(O)OCCNCCCNCCCN(CCCNCCOP(=O)(O)OCCCCCCCCCCC)CCOP(=O)(O)OCCCCCCCCCCC,0.92860013
CCCCCCCCCCCCOP(=O)(O)OCCNCCCNCCCN(CCCNCCOP(=O)(O)OCCCCCCCCCCCC)CCOP(=O)(O)OCCCCCCCCCCCC,0.9226563
CCCCCCCCCCCCCOP(=O)(O)OCCNCCCNCCCN(CCCNCCOP(=O)(O)OCCCCCCCCCCCCC)CCOP(=O)(O)OCCCCCCCCCCCCC,0.9154418
CCCCCCCCCCCCCCOP(=O)(O)OCCNCCCNCCCN(CCCNCCOP(=O)(O)OCCCCCCCCCCCCCC)CCOP(=O)(O)OCCCCCCCCCCCCCC,0.909653
CCCCCCCCCCCCCCCOP(=O)(O)OCCNCCCNCCCN(CCCNCCOP(=O)(O)OCCCCCCCCCCCCCCC)CCOP(=O)(O)OCCCCCCCCCCCCCCC,0.9040938
CCCCCCCCCCCCCCCCOP(=O)(O)OCCNCCCNCCCN(CCCNCCOP(=O)(O)OCCCCCCCCCCCCCCCC)CCOP(=O)(O)OCCCCCCCCCCCCCCCC,0.8941351
CCCCOP(=O)(O)OCCNCCN(CCNCCOP(=O)(O)OCCCC)CCNCCOP(=O)(O)OCCCC,0.90767574
CCCCCOP(=O)(O)OCCNCCN(CCNCCOP(=O)(O)OCCCCC)CCNCCOP(=O)(O)OCCCCC,0.91524464
CCCCCCOP(=O)(O)OCCNCCN(CCNCCOP(=O)(O)OCCCCCC)CCNCCOP(=O)(O)OCCCCCC,0.9251696
CCCCCCCOP(=O)(O)OCCNCCN(CCNCCOP(=O)(O)OCCCCCCC)CCNCCOP(=O)(O)OCCCCCCC,0.927942
CCCCCCCCOP(=O)(O)OCCNCCN(CCNCCOP(=O)(O)OCCCCCCCC)CCNCCOP(=O)(O)OCCCCCCCC,0.9299226
CCCCCCCCCOP(=O)(O)OCCNCCN(CCNCCOP(=O)(O)OCCCCCCCCC)CCNCCOP(=O)(O)OCCCCCCCCC,0.9347278
CCCCCCCCCCOP(=O)(O)OCCNCCN(CCNCCOP(=O)(O)OCCCCCCCCCC)CCNCCOP(=O)(O)OCCCCCCCCCC,0.9342577
CCCCCCCCCCCOP(=O)(O)OCCNCCN(CCNCCOP(=O)(O)OCCCCCCCCCCC)CCNCCOP(=O)(O)OCCCCCCCCCCC,0.93190944
CCCCCCCCCCCCOP(=O)(O)OCCNCCN(CCNCCOP(=O)(O)OCCCCCCCCCCCC)CCNCCOP(=O)(O)OCCCCCCCCCCCC,0.9321023
CCCCCCCCCCCCCOP(=O)(O)OCCNCCN(CCNCCOP(=O)(O)OCCCCCCCCCCCCC)CCNCCOP(=O)(O)OCCCCCCCCCCCCC,0.9309854
CCCCCCCCCCCCCCOP(=O)(O)OCCNCCN(CCNCCOP(=O)(O)OCCCCCCCCCCCCCC)CCNCCOP(=O)(O)OCCCCCCCCCCCCCC,0.9158167
CCCCCCCCCCCCCCCOP(=O)(O)OCCNCCN(CCNCCOP(=O)(O)OCCCCCCCCCCCCCCC)CCNCCOP(=O)(O)OCCCCCCCCCCCCCCC,0.907513
CCCCCCCCCCCCCCCCOP(=O)(O)OCCNCCN(CCNCCOP(=O)(O)OCCCCCCCCCCCCCCCC)CCNCCOP(=O)(O)OCCCCCCCCCCCCCCCC,0.8954791
CCCCOP(=O)(O)OCCNCCNCCNCCN(CCNCCOP(=O)(O)OCCCC)CCOP(=O)(O)OCCCC,0.9085626
CCCCCOP(=O)(O)OCCNCCNCCNCCN(CCNCCOP(=O)(O)OCCCCC)CCOP(=O)(O)OCCCCC,0.9243445
CCCCCCOP(=O)(O)OCCNCCNCCNCCN(CCNCCOP(=O)(O)OCCCCCC)CCOP(=O)(O)OCCCCCC,0.92701346
CCCCCCCOP(=O)(O)OCCNCCNCCNCCN(CCNCCOP(=O)(O)OCCCCCCC)CCOP(=O)(O)OCCCCCCC,0.9289663
CCCCCCCCOP(=O)(O)OCCNCCNCCNCCN(CCNCCOP(=O)(O)OCCCCCCCC)CCOP(=O)(O)OCCCCCCCC,0.93084407
CCCCCCCCCOP(=O)(O)OCCNCCNCCNCCN(CCNCCOP(=O)(O)OCCCCCCCCC)CCOP(=O)(O)OCCCCCCCCC,0.93579394
CCCCCCCCCCOP(=O)(O)OCCNCCNCCNCCN(CCNCCOP(=O)(O)OCCCCCCCCCC)CCOP(=O)(O)OCCCCCCCCCC,0.93701947
CCCCCCCCCCCOP(=O)(O)OCCNCCNCCNCCN(CCNCCOP(=O)(O)OCCCCCCCCCCC)CCOP(=O)(O)OCCCCCCCCCCC,0.9357664
CCCCCCCCCCCCOP(=O)(O)OCCNCCNCCNCCN(CCNCCOP(=O)(O)OCCCCCCCCCCCC)CCOP(=O)(O)OCCCCCCCCCCCC,0.9368957
CCCCCCCCCCCCCOP(=O)(O)OCCNCCNCCNCCN(CCNCCOP(=O)(O)OCCCCCCCCCCCCC)CCOP(=O)(O)OCCCCCCCCCCCCC,0.9230387
CCCCCCCCCCCCCCOP(=O)(O)OCCNCCNCCNCCN(CCNCCOP(=O)(O)OCCCCCCCCCCCCCC)CCOP(=O)(O)OCCCCCCCCCCCCCC,0.9136354
CCCCCCCCCCCCCCCOP(=O)(O)OCCNCCNCCNCCN(CCNCCOP(=O)(O)OCCCCCCCCCCCCCCC)CCOP(=O)(O)OCCCCCCCCCCCCCCC,0.907599
CCCCCCCCCCCCCCCCOP(=O)(O)OCCNCCNCCNCCN(CCNCCOP(=O)(O)OCCCCCCCCCCCCCCCC)CCOP(=O)(O)OCCCCCCCCCCCCCCCC,0.8969642
CCCCOP(=O)(O)OCCN(CCCN1CCN(CCCN(CCOP(=O)(O)OCCCC)CCOP(=O)(O)OCCCC)CC1)CCOP(=O)(O)OCCCC,0.92978305
CCCCCOP(=O)(O)OCCN(CCCN1CCN(CCCN(CCOP(=O)(O)OCCCCC)CCOP(=O)(O)OCCCCC)CC1)CCOP(=O)(O)OCCCCC,0.9290985
CCCCCCOP(=O)(O)OCCN(CCCN1CCN(CCCN(CCOP(=O)(O)OCCCCCC)CCOP(=O)(O)OCCCCCC)CC1)CCOP(=O)(O)OCCCCCC,0.9308255
CCCCCCCOP(=O)(O)OCCN(CCCN1CCN(CCCN(CCOP(=O)(O)OCCCCCCC)CCOP(=O)(O)OCCCCCCC)CC1)CCOP(=O)(O)OCCCCCCC,0.92025024
CCCCCCCCOP(=O)(O)OCCN(CCCN1CCN(CCCN(CCOP(=O)(O)OCCCCCCCC)CCOP(=O)(O)OCCCCCCCC)CC1)CCOP(=O)(O)OCCCCCCCC,0.92458725
CCCCCCCCCOP(=O)(O)OCCN(CCCN1CCN(CCCN(CCOP(=O)(O)OCCCCCCCCC)CCOP(=O)(O)OCCCCCCCCC)CC1)CCOP(=O)(O)OCCCCCCCCC,0.9278228
CCCCCCCCCCOP(=O)(O)OCCN(CCCN1CCN(CCCN(CCOP(=O)(O)OCCCCCCCCCC)CCOP(=O)(O)OCCCCCCCCCC)CC1)CCOP(=O)(O)OCCCCCCCCCC,0.9244292
CCCCCCCCCCCOP(=O)(O)OCCN(CCCN1CCN(CCCN(CCOP(=O)(O)OCCCCCCCCCCC)CCOP(=O)(O)OCCCCCCCCCCC)CC1)CCOP(=O)(O)OCCCCCCCCCCC,0.91789347
CCCCCCCCCCCCOP(=O)(O)OCCN(CCCN1CCN(CCCN(CCOP(=O)(O)OCCCCCCCCCCCC)CCOP(=O)(O)OCCCCCCCCCCCC)CC1)CCOP(=O)(O)OCCCCCCCCCCCC,0.9162823
CCCCCCCCCCCCCOP(=O)(O)OCCN(CCCN1CCN(CCCN(CCOP(=O)(O)OCCCCCCCCCCCCC)CCOP(=O)(O)OCCCCCCCCCCCCC)CC1)CCOP(=O)(O)OCCCCCCCCCCCCC,0.91482705
CCCCCCCCCCCCCCOP(=O)(O)OCCN(CCCN1CCN(CCCN(CCOP(=O)(O)OCCCCCCCCCCCCCC)CCOP(=O)(O)OCCCCCCCCCCCCCC)CC1)CCOP(=O)(O)OCCCCCCCCCCCCCC,0.9129328
CCCCCCCCCCCCCCCOP(=O)(O)OCCN(CCCN1CCN(CCCN(CCOP(=O)(O)OCCCCCCCCCCCCCCC)CCOP(=O)(O)OCCCCCCCCCCCCCCC)CC1)CCOP(=O)(O)OCCCCCCCCCCCCCCC,0.91285354
CCCCCCCCCCCCCCCCOP(=O)(O)OCCN(CCCN1CCN(CCCN(CCOP(=O)(O)OCCCCCCCCCCCCCCCC)CCOP(=O)(O)OCCCCCCCCCCCCCCCC)CC1)CCOP(=O)(O)OCCCCCCCCCCCCCCCC,0.87777793
CCCCOP(=O)(O)OCCNCCN(CCOP(=O)(O)OCCCC)CCN(CCNCCOP(=O)(O)OCCCC)CCOP(=O)(O)OCCCC,0.9226433
CCCCCOP(=O)(O)OCCNCCN(CCOP(=O)(O)OCCCCC)CCN(CCNCCOP(=O)(O)OCCCCC)CCOP(=O)(O)OCCCCC,0.9330063
CCCCCCOP(=O)(O)OCCNCCN(CCOP(=O)(O)OCCCCCC)CCN(CCNCCOP(=O)(O)OCCCCCC)CCOP(=O)(O)OCCCCCC,0.93467045
CCCCCCCOP(=O)(O)OCCNCCN(CCOP(=O)(O)OCCCCCCC)CCN(CCNCCOP(=O)(O)OCCCCCCC)CCOP(=O)(O)OCCCCCCC,0.9375015
CCCCCCCCOP(=O)(O)OCCNCCN(CCOP(=O)(O)OCCCCCCCC)CCN(CCNCCOP(=O)(O)OCCCCCCCC)CCOP(=O)(O)OCCCCCCCC,0.9313347
CCCCCCCCCOP(=O)(O)OCCNCCN(CCOP(=O)(O)OCCCCCCCCC)CCN(CCNCCOP(=O)(O)OCCCCCCCCC)CCOP(=O)(O)OCCCCCCCCC,0.93105
CCCCCCCCCCOP(=O)(O)OCCNCCN(CCOP(=O)(O)OCCCCCCCCCC)CCN(CCNCCOP(=O)(O)OCCCCCCCCCC)CCOP(=O)(O)OCCCCCCCCCC,0.9313579
CCCCCCCCCCCOP(=O)(O)OCCNCCN(CCOP(=O)(O)OCCCCCCCCCCC)CCN(CCNCCOP(=O)(O)OCCCCCCCCCCC)CCOP(=O)(O)OCCCCCCCCCCC,0.9264447
CCCCCCCCCCCCOP(=O)(O)OCCNCCN(CCOP(=O)(O)OCCCCCCCCCCCC)CCN(CCNCCOP(=O)(O)OCCCCCCCCCCCC)CCOP(=O)(O)OCCCCCCCCCCCC,0.9180544
CCCCCCCCCCCCCOP(=O)(O)OCCNCCN(CCOP(=O)(O)OCCCCCCCCCCCCC)CCN(CCNCCOP(=O)(O)OCCCCCCCCCCCCC)CCOP(=O)(O)OCCCCCCCCCCCCC,0.913492
CCCCCCCCCCCCCCOP(=O)(O)OCCNCCN(CCOP(=O)(O)OCCCCCCCCCCCCCC)CCN(CCNCCOP(=O)(O)OCCCCCCCCCCCCCC)CCOP(=O)(O)OCCCCCCCCCCCCCC,0.91487956
CCCCCCCCCCCCCCCOP(=O)(O)OCCNCCN(CCOP(=O)(O)OCCCCCCCCCCCCCCC)CCN(CCNCCOP(=O)(O)OCCCCCCCCCCCCCCC)CCOP(=O)(O)OCCCCCCCCCCCCCCC,0.91405874
CCCCCCCCCCCCCCCCOP(=O)(O)OCCNCCN(CCOP(=O)(O)OCCCCCCCCCCCCCCCC)CCN(CCNCCOP(=O)(O)OCCCCCCCCCCCCCCCC)CCOP(=O)(O)OCCCCCCCCCCCCCCCC,0.90554553
CCCCOP(=O)(O)OCCNCCCN(CCCN(CCCNCCOP(=O)(O)OCCCC)CCOP(=O)(O)OCCCC)CCOP(=O)(O)OCCCC,0.9202136
CCCCCOP(=O)(O)OCCNCCCN(CCCN(CCCNCCOP(=O)(O)OCCCCC)CCOP(=O)(O)OCCCCC)CCOP(=O)(O)OCCCCC,0.92784977
CCCCCCOP(=O)(O)OCCNCCCN(CCCN(CCCNCCOP(=O)(O)OCCCCCC)CCOP(=O)(O)OCCCCCC)CCOP(=O)(O)OCCCCCC,0.9316533
CCCCCCCOP(=O)(O)OCCNCCCN(CCCN(CCCNCCOP(=O)(O)OCCCCCCC)CCOP(=O)(O)OCCCCCCC)CCOP(=O)(O)OCCCCCCC,0.9210024
CCCCCCCCOP(=O)(O)OCCNCCCN(CCCN(CCCNCCOP(=O)(O)OCCCCCCCC)CCOP(=O)(O)OCCCCCCCC)CCOP(=O)(O)OCCCCCCCC,0.9272252
CCCCCCCCCOP(=O)(O)OCCNCCCN(CCCN(CCCNCCOP(=O)(O)OCCCCCCCCC)CCOP(=O)(O)OCCCCCCCCC)CCOP(=O)(O)OCCCCCCCCC,0.9274859
CCCCCCCCCCOP(=O)(O)OCCNCCCN(CCCN(CCCNCCOP(=O)(O)OCCCCCCCCCC)CCOP(=O)(O)OCCCCCCCCCC)CCOP(=O)(O)OCCCCCCCCCC,0.9237939
CCCCCCCCCCCOP(=O)(O)OCCNCCCN(CCCN(CCCNCCOP(=O)(O)OCCCCCCCCCCC)CCOP(=O)(O)OCCCCCCCCCCC)CCOP(=O)(O)OCCCCCCCCCCC,0.91767585
CCCCCCCCCCCCOP(=O)(O)OCCNCCCN(CCCN(CCCNCCOP(=O)(O)OCCCCCCCCCCCC)CCOP(=O)(O)OCCCCCCCCCCCC)CCOP(=O)(O)OCCCCCCCCCCCC,0.91054845
CCCCCCCCCCCCCOP(=O)(O)OCCNCCCN(CCCN(CCCNCCOP(=O)(O)OCCCCCCCCCCCCC)CCOP(=O)(O)OCCCCCCCCCCCCC)CCOP(=O)(O)OCCCCCCCCCCCCC,0.90836895
CCCCCCCCCCCCCCOP(=O)(O)OCCNCCCN(CCCN(CCCNCCOP(=O)(O)OCCCCCCCCCCCCCC)CCOP(=O)(O)OCCCCCCCCCCCCCC)CCOP(=O)(O)OCCCCCCCCCCCCCC,0.9117466
CCCCCCCCCCCCCCCOP(=O)(O)OCCNCCCN(CCCN(CCCNCCOP(=O)(O)OCCCCCCCCCCCCCCC)CCOP(=O)(O)OCCCCCCCCCCCCCCC)CCOP(=O)(O)OCCCCCCCCCCCCCCC,0.9116823
CCCCCCCCCCCCCCCCOP(=O)(O)OCCNCCCN(CCCN(CCCNCCOP(=O)(O)OCCCCCCCCCCCCCCCC)CCOP(=O)(O)OCCCCCCCCCCCCCCCC)CCOP(=O)(O)OCCCCCCCCCCCCCCCC,0.9033908
CCCCOP(=O)(O)OCCN(C)CCN(CCN(C)CCOP(=O)(O)OCCCC)CC[N+](C)(CCOP(=O)(O)OCCCC)CCOP(=O)(O)OCCCC,0.92007697
CCCCCOP(=O)(O)OCCN(C)CCN(CCN(C)CCOP(=O)(O)OCCCCC)CC[N+](C)(CCOP(=O)(O)OCCCCC)CCOP(=O)(O)OCCCCC,0.9278818
CCCCCCOP(=O)(O)OCCN(C)CCN(CCN(C)CCOP(=O)(O)OCCCCCC)CC[N+](C)(CCOP(=O)(O)OCCCCCC)CCOP(=O)(O)OCCCCCC,0.9294972
CCCCCCCOP(=O)(O)OCCN(C)CCN(CCN(C)CCOP(=O)(O)OCCCCCCC)CC[N+](C)(CCOP(=O)(O)OCCCCCCC)CCOP(=O)(O)OCCCCCCC,0.9270692
CCCCCCCCOP(=O)(O)OCCN(C)CCN(CCN(C)CCOP(=O)(O)OCCCCCCCC)CC[N+](C)(CCOP(=O)(O)OCCCCCCCC)CCOP(=O)(O)OCCCCCCCC,0.9246364
CCCCCCCCCOP(=O)(O)OCCN(C)CCN(CCN(C)CCOP(=O)(O)OCCCCCCCCC)CC[N+](C)(CCOP(=O)(O)OCCCCCCCCC)CCOP(=O)(O)OCCCCCCCCC,0.92588633
CCCCCCCCCCOP(=O)(O)OCCN(C)CCN(CCN(C)CCOP(=O)(O)OCCCCCCCCCC)CC[N+](C)(CCOP(=O)(O)OCCCCCCCCCC)CCOP(=O)(O)OCCCCCCCCCC,0.9257583
CCCCCCCCCCCOP(=O)(O)OCCN(C)CCN(CCN(C)CCOP(=O)(O)OCCCCCCCCCCC)CC[N+](C)(CCOP(=O)(O)OCCCCCCCCCCC)CCOP(=O)(O)OCCCCCCCCCCC,0.920299
CCCCCCCCCCCCOP(=O)(O)OCCN(C)CCN(CCN(C)CCOP(=O)(O)OCCCCCCCCCCCC)CC[N+](C)(CCOP(=O)(O)OCCCCCCCCCCCC)CCOP(=O)(O)OCCCCCCCCCCCC,0.91215974
CCCCCCCCCCCCCOP(=O)(O)OCCN(C)CCN(CCN(C)CCOP(=O)(O)OCCCCCCCCCCCCC)CC[N+](C)(CCOP(=O)(O)OCCCCCCCCCCCCC)CCOP(=O)(O)OCCCCCCCCCCCCC,0.914031
CCCCCCCCCCCCCCOP(=O)(O)OCCN(C)CCN(CCN(C)CCOP(=O)(O)OCCCCCCCCCCCCCC)CC[N+](C)(CCOP(=O)(O)OCCCCCCCCCCCCCC)CCOP(=O)(O)OCCCCCCCCCCCCCC,0.9093694
CCCCCCCCCCCCCCCOP(=O)(O)OCCN(C)CCN(CCN(C)CCOP(=O)(O)OCCCCCCCCCCCCCCC)CC[N+](C)(CCOP(=O)(O)OCCCCCCCCCCCCCCC)CCOP(=O)(O)OCCCCCCCCCCCCCCC,0.9080969
CCCCCCCCCCCCCCCCOP(=O)(O)OCCN(C)CCN(CCN(C)CCOP(=O)(O)OCCCCCCCCCCCCCCCC)CC[N+](C)(CCOP(=O)(O)OCCCCCCCCCCCCCCCC)CCOP(=O)(O)OCCCCCCCCCCCCCCCC,0.9004815
CCCCOP(=O)(O)OCCNCCN(CCNCCOP(=O)(O)OCCCC)CCN(CCOP(=O)(O)OCCCC)CCOP(=O)(O)OCCCC,0.9226433
CCCCCOP(=O)(O)OCCNCCN(CCNCCOP(=O)(O)OCCCCC)CCN(CCOP(=O)(O)OCCCCC)CCOP(=O)(O)OCCCCC,0.9330063
CCCCCCOP(=O)(O)OCCNCCN(CCNCCOP(=O)(O)OCCCCCC)CCN(CCOP(=O)(O)OCCCCCC)CCOP(=O)(O)OCCCCCC,0.9354643
CCCCCCCOP(=O)(O)OCCNCCN(CCNCCOP(=O)(O)OCCCCCCC)CCN(CCOP(=O)(O)OCCCCCCC)CCOP(=O)(O)OCCCCCCC,0.9375015
CCCCCCCCOP(=O)(O)OCCNCCN(CCNCCOP(=O)(O)OCCCCCCCC)CCN(CCOP(=O)(O)OCCCCCCCC)CCOP(=O)(O)OCCCCCCCC,0.9313347
CCCCCCCCCOP(=O)(O)OCCNCCN(CCNCCOP(=O)(O)OCCCCCCCCC)CCN(CCOP(=O)(O)OCCCCCCCCC)CCOP(=O)(O)OCCCCCCCCC,0.93105
CCCCCCCCCCOP(=O)(O)OCCNCCN(CCNCCOP(=O)(O)OCCCCCCCCCC)CCN(CCOP(=O)(O)OCCCCCCCCCC)CCOP(=O)(O)OCCCCCCCCCC,0.9313579
CCCCCCCCCCCOP(=O)(O)OCCNCCN(CCNCCOP(=O)(O)OCCCCCCCCCCC)CCN(CCOP(=O)(O)OCCCCCCCCCCC)CCOP(=O)(O)OCCCCCCCCCCC,0.9264447
CCCCCCCCCCCCOP(=O)(O)OCCNCCN(CCNCCOP(=O)(O)OCCCCCCCCCCCC)CCN(CCOP(=O)(O)OCCCCCCCCCCCC)CCOP(=O)(O)OCCCCCCCCCCCC,0.9180544
CCCCCCCCCCCCCOP(=O)(O)OCCNCCN(CCNCCOP(=O)(O)OCCCCCCCCCCCCC)CCN(CCOP(=O)(O)OCCCCCCCCCCCCC)CCOP(=O)(O)OCCCCCCCCCCCCC,0.913492
CCCCCCCCCCCCCCOP(=O)(O)OCCNCCN(CCNCCOP(=O)(O)OCCCCCCCCCCCCCC)CCN(CCOP(=O)(O)OCCCCCCCCCCCCCC)CCOP(=O)(O)OCCCCCCCCCCCCCC,0.912837
CCCCCCCCCCCCCCCOP(=O)(O)OCCNCCN(CCNCCOP(=O)(O)OCCCCCCCCCCCCCCC)CCN(CCOP(=O)(O)OCCCCCCCCCCCCCCC)CCOP(=O)(O)OCCCCCCCCCCCCCCC,0.91405874
CCCCCCCCCCCCCCCCOP(=O)(O)OCCNCCN(CCNCCOP(=O)(O)OCCCCCCCCCCCCCCCC)CCN(CCOP(=O)(O)OCCCCCCCCCCCCCCCC)CCOP(=O)(O)OCCCCCCCCCCCCCCCC,0.90554553
CCCCOP(=O)(O)OCCNCCN(CCNCCN(CCNCCOP(=O)(O)OCCCC)CCOP(=O)(O)OCCCC)CCOP(=O)(O)OCCCC,0.9173366
CCCCCOP(=O)(O)OCCNCCN(CCNCCN(CCNCCOP(=O)(O)OCCCCC)CCOP(=O)(O)OCCCCC)CCOP(=O)(O)OCCCCC,0.9272696
CCCCCCOP(=O)(O)OCCNCCN(CCNCCN(CCNCCOP(=O)(O)OCCCCCC)CCOP(=O)(O)OCCCCCC)CCOP(=O)(O)OCCCCCC,0.92667675
CCCCCCCOP(=O)(O)OCCNCCN(CCNCCN(CCNCCOP(=O)(O)OCCCCCCC)CCOP(=O)(O)OCCCCCCC)CCOP(=O)(O)OCCCCCCC,0.9192381
CCCCCCCCOP(=O)(O)OCCNCCN(CCNCCN(CCNCCOP(=O)(O)OCCCCCCCC)CCOP(=O)(O)OCCCCCCCC)CCOP(=O)(O)OCCCCCCCC,0.92064375
CCCCCCCCCOP(=O)(O)OCCNCCN(CCNCCN(CCNCCOP(=O)(O)OCCCCCCCCC)CCOP(=O)(O)OCCCCCCCCC)CCOP(=O)(O)OCCCCCCCCC,0.9225943
CCCCCCCCCCOP(=O)(O)OCCNCCN(CCNCCN(CCNCCOP(=O)(O)OCCCCCCCCCC)CCOP(=O)(O)OCCCCCCCCCC)CCOP(=O)(O)OCCCCCCCCCC,0.9229022
CCCCCCCCCCCOP(=O)(O)OCCNCCN(CCNCCN(CCNCCOP(=O)(O)OCCCCCCCCCCC)CCOP(=O)(O)OCCCCCCCCCCC)CCOP(=O)(O)OCCCCCCCCCCC,0.919443
CCCCCCCCCCCCOP(=O)(O)OCCNCCN(CCNCCN(CCNCCOP(=O)(O)OCCCCCCCCCCCC)CCOP(=O)(O)OCCCCCCCCCCCC)CCOP(=O)(O)OCCCCCCCCCCCC,0.9121517
CCCCCCCCCCCCCOP(=O)(O)OCCNCCN(CCNCCN(CCNCCOP(=O)(O)OCCCCCCCCCCCCC)CCOP(=O)(O)OCCCCCCCCCCCCC)CCOP(=O)(O)OCCCCCCCCCCCCC,0.9061055
CCCCCCCCCCCCCCOP(=O)(O)OCCNCCN(CCNCCN(CCNCCOP(=O)(O)OCCCCCCCCCCCCCC)CCOP(=O)(O)OCCCCCCCCCCCCCC)CCOP(=O)(O)OCCCCCCCCCCCCCC,0.90252167
CCCCCCCCCCCCCCCOP(=O)(O)OCCNCCN(CCNCCN(CCNCCOP(=O)(O)OCCCCCCCCCCCCCCC)CCOP(=O)(O)OCCCCCCCCCCCCCCC)CCOP(=O)(O)OCCCCCCCCCCCCCCC,0.9075229
CCCCCCCCCCCCCCCCOP(=O)(O)OCCNCCN(CCNCCN(CCNCCOP(=O)(O)OCCCCCCCCCCCCCCCC)CCOP(=O)(O)OCCCCCCCCCCCCCCCC)CCOP(=O)(O)OCCCCCCCCCCCCCCCC,0.90099394
CCCCOP(=O)(O)OCCNCCN(CCOP(=O)(O)OCCCC)CCN(CCOP(=O)(O)OCCCC)CCN(CCNCCOP(=O)(O)OCCCC)CCOP(=O)(O)OCCCC,0.9190788
CCCCCOP(=O)(O)OCCNCCN(CCOP(=O)(O)OCCCCC)CCN(CCOP(=O)(O)OCCCCC)CCN(CCNCCOP(=O)(O)OCCCCC)CCOP(=O)(O)OCCCCC,0.92014617
CCCCCCOP(=O)(O)OCCNCCN(CCOP(=O)(O)OCCCCCC)CCN(CCOP(=O)(O)OCCCCCC)CCN(CCNCCOP(=O)(O)OCCCCCC)CCOP(=O)(O)OCCCCCC,0.9261099
CCCCCCCOP(=O)(O)OCCNCCN(CCOP(=O)(O)OCCCCCCC)CCN(CCOP(=O)(O)OCCCCCCC)CCN(CCNCCOP(=O)(O)OCCCCCCC)CCOP(=O)(O)OCCCCCCC,0.9267332
CCCCCCCCOP(=O)(O)OCCNCCN(CCOP(=O)(O)OCCCCCCCC)CCN(CCOP(=O)(O)OCCCCCCCC)CCN(CCNCCOP(=O)(O)OCCCCCCCC)CCOP(=O)(O)OCCCCCCCC,0.92923856
CCCCCCCCCOP(=O)(O)OCCNCCN(CCOP(=O)(O)OCCCCCCCCC)CCN(CCOP(=O)(O)OCCCCCCCCC)CCN(CCNCCOP(=O)(O)OCCCCCCCCC)CCOP(=O)(O)OCCCCCCCCC,0.92620707
CCCCCCCCCCOP(=O)(O)OCCNCCN(CCOP(=O)(O)OCCCCCCCCCC)CCN(CCOP(=O)(O)OCCCCCCCCCC)CCN(CCNCCOP(=O)(O)OCCCCCCCCCC)CCOP(=O)(O)OCCCCCCCCCC,0.92547166
CCCCCCCCCCCOP(=O)(O)OCCNCCN(CCOP(=O)(O)OCCCCCCCCCCC)CCN(CCOP(=O)(O)OCCCCCCCCCCC)CCN(CCNCCOP(=O)(O)OCCCCCCCCCCC)CCOP(=O)(O)OCCCCCCCCCCC,0.9191189
CCCCCCCCCCCCOP(=O)(O)OCCNCCN(CCOP(=O)(O)OCCCCCCCCCCCC)CCN(CCOP(=O)(O)OCCCCCCCCCCCC)CCN(CCNCCOP(=O)(O)OCCCCCCCCCCCC)CCOP(=O)(O)OCCCCCCCCCCCC,0.9177247
CCCCCCCCCCCCCOP(=O)(O)OCCNCCN(CCOP(=O)(O)OCCCCCCCCCCCCC)CCN(CCOP(=O)(O)OCCCCCCCCCCCCC)CCN(CCNCCOP(=O)(O)OCCCCCCCCCCCCC)CCOP(=O)(O)OCCCCCCCCCCCCC,0.9172623
CCCCCCCCCCCCCCOP(=O)(O)OCCNCCN(CCOP(=O)(O)OCCCCCCCCCCCCCC)CCN(CCOP(=O)(O)OCCCCCCCCCCCCCC)CCN(CCNCCOP(=O)(O)OCCCCCCCCCCCCCC)CCOP(=O)(O)OCCCCCCCCCCCCCC,0.91396457
CCCCCCCCCCCCCCCOP(=O)(O)OCCNCCN(CCOP(=O)(O)OCCCCCCCCCCCCCCC)CCN(CCOP(=O)(O)OCCCCCCCCCCCCCCC)CCN(CCNCCOP(=O)(O)OCCCCCCCCCCCCCCC)CCOP(=O)(O)OCCCCCCCCCCCCCCC,0.9100061
CCCCCCCCCCCCCCCCOP(=O)(O)OCCNCCN(CCOP(=O)(O)OCCCCCCCCCCCCCCCC)CCN(CCOP(=O)(O)OCCCCCCCCCCCCCCCC)CCN(CCNCCOP(=O)(O)OCCCCCCCCCCCCCCCC)CCOP(=O)(O)OCCCCCCCCCCCCCCCC,0.8892843
